1270275428 seed, 60 fps, 1920x1080, fullScreen=1, version323_mouseSpeed1.000000_musicOff0_musicLoudness1.000000_webRetrySeconds16 7ECC67AA7FE9FC1A12B2EEC880CD7F3F20A24561
0  
0  
0  
0  
0  
0  
0  
0  
0  
2 T 1270275431.976000 R 
0  
0  
0  
0  
0  
0  
0  
0  
0  
0  
0  
0  
0  
0  
0  
0  
0  
0  
1  mm 1041 520
1  mm 1119 503
1  mm 1172 466
1  mm 1173 464
0  
0  
0  
1  mm 1158 464
1  mm 1144 465
1  mm 1137 465
1  mm 1129 465
0  
0  
0  
0  
0  
0  
0  
0  
0  
0  
1  mm 1128 465
0  
1  mm 1125 466
1  mm 1123 466
1  mm 1121 467
1  mm 1117 468
1  mm 1100 473
1  mm 1096 474
1  mm 1094 474
1  mm 1093 474
0  
0  
0  
0  
0  
0  
0  
0  
0  
0  
0  
0  
0  
0  
0  
0  
0  
0  
0  
0  
0  
0  
0  
0  
0  
0  
0  
1  mm 1091 475
0  
0  
0  
0  
0  
0  
0  
0  
0  
0  
0  
0  
0  
0  
0  
0  
0  
0  
0  
0  
0  
0  
2 T 1270275440.035000 R 
0  
0  
0  
0  
0  
0  
0  
0  
0  
0  
0  
0  
0  
0  
0  
0  
0  
0  
1  mm 1185 541
1  mm 1222 549
1  mm 1243 552
0  
1  mm 1246 552
0  
0  
0  
2 T 1270275442.321000 R 
1 T 1270275442.322000 
1 T 1270275442.327000 
1 T 1270275442.343000 
1 T 1270275442.360000 
1 T 1270275442.377000 
1 T 1270275442.395000 
1 T 1270275442.410000 
1 T 1270275442.428000 
1 T 1270275442.443000 
1 T 1270275442.461000 
1 T 1270275442.476000 
1 T 1270275442.493000 
1 T 1270275442.510000 
1 T 1270275442.528000 
1 T 1270275442.543000 
1 T 1270275442.560000 
1 T 1270275442.577000 
1 T 1270275442.593000 
1 T 1270275442.610000 
1 T 1270275442.628000 
1 T 1270275442.643000 
1 T 1270275442.659000 
1 T 1270275442.676000 
1 T 1270275442.694000 
1 T 1270275442.709000 
1 T 1270275442.727000 
1 T 1270275442.743000 
1 T 1270275442.761000 
1 T 1270275442.776000 
1 T 1270275442.794000 
1 T 1270275442.810000 
2 T 1270275442.827000 mm 1247 552
2 T 1270275442.843000 mm 1249 553
2 T 1270275442.860000 mm 1250 553
2 T 1270275442.877000 mm 1251 553
1 T 1270275442.893000 
1 T 1270275442.910000 
2 T 1270275442.928000 mm 1251 554
2 T 1270275442.944000 mm 1251 557
2 T 1270275442.960000 mm 1248 561
2 T 1270275442.977000 mm 1244 566
2 T 1270275442.995000 mm 1235 572
2 T 1270275443.009000 mm 1223 580
2 T 1270275443.027000 mm 1211 585
2 T 1270275443.043000 mm 1193 590
2 T 1270275443.059000 mm 1175 593
2 T 1270275443.076000 mm 1156 594
2 T 1270275443.094000 mm 1135 593
2 T 1270275443.110000 mm 1111 586
2 T 1270275443.127000 mm 1092 577
2 T 1270275443.143000 mm 1068 560
2 T 1270275443.161000 mm 1049 540
2 T 1270275443.176000 mm 1028 512
2 T 1270275443.194000 mm 1013 489
2 T 1270275443.210000 mm 998 463
2 T 1270275443.228000 mm 990 439
2 T 1270275443.243000 mm 985 412
2 T 1270275443.260000 mm 985 389
2 T 1270275443.277000 mm 986 369
2 T 1270275443.293000 mm 987 351
2 T 1270275443.310000 mm 989 337
2 T 1270275443.328000 mm 991 328
2 T 1270275443.344000 mm 993 321
2 T 1270275443.360000 mm 993 318
2 T 1270275443.377000 mm 994 317
1 T 1270275443.397000 
1 T 1270275443.410000 
1 T 1270275443.431000 
0  
0  
0  
0  
2 T 1270275443.493000 R 
0  
0  
0  
0  
0  
1  mm 995 319
1  mm 999 326
1  mm 1004 340
1  mm 1010 354
1  mm 1017 369
1  mm 1024 383
1  mm 1030 396
1  mm 1035 408
1  mm 1039 419
1  mm 1043 429
1  mm 1046 438
1  mm 1049 447
1  mm 1052 455
1  mm 1053 460
1  mm 1055 466
1  mm 1057 470
1  mm 1058 474
1  mm 1059 477
1  mm 1060 480
1  mm 1061 483
1  mm 1063 486
1  mm 1065 489
1  mm 1068 492
1  mm 1071 496
1  mm 1078 501
1  mm 1085 506
1  mm 1098 512
1  mm 1112 517
1  mm 1130 520
1  mm 1154 523
1  mm 1185 526
1  mm 1218 527
1  mm 1259 529
1  mm 1299 532
1  mm 1340 536
1  mm 1380 539
1  mm 1422 542
1  mm 1457 544
1  mm 1493 545
1  mm 1521 546
1  mm 1544 546
1  mm 1567 545
1  mm 1585 543
1  mm 1602 542
1  mm 1616 541
1  mm 1625 540
1  mm 1630 540
1  mm 1632 540
0  
0  
0  
0  
0  
0  
0  
0  
0  
0  
0  
0  
1  mm 1631 539
1  mm 1630 539
1  mm 1629 538
1  mm 1628 538
0  
0  
0  
1  mm 1627 538
0  
0  
0  
0  
0  
0  
0  
0  
0  
0  
1  mm 1625 536
1  mm 1620 533
1  mm 1612 527
1  mm 1603 520
1  mm 1589 508
1  mm 1574 495
1  mm 1552 473
1  mm 1529 450
1  mm 1500 424
1  mm 1473 398
1  mm 1446 374
1  mm 1417 349
1  mm 1386 326
1  mm 1359 310
1  mm 1333 297
1  mm 1313 290
3 T 1270275445.160000 R mm 1299 287
1  mm 1291 287
1  mm 1289 286
0  
0  
0  
0  
1  mm 1288 289
1  mm 1286 293
1  mm 1284 297
1  mm 1283 302
1  mm 1282 308
1  mm 1281 315
1  mm 1281 324
1  mm 1283 338
1  mm 1286 348
1  mm 1291 362
1  mm 1296 371
1  mm 1304 383
1  mm 1309 388
1  mm 1315 393
1  mm 1320 397
1  mm 1324 400
1  mm 1328 402
1  mm 1330 404
1  mm 1331 404
0  
0  
1  mm 1334 401
1  mm 1338 394
1  mm 1346 380
1  mm 1349 373
1  mm 1354 363
1  mm 1356 359
1  mm 1357 354
1  mm 1358 350
1  mm 1358 345
1  mm 1358 343
1  mm 1358 339
1  mm 1358 336
1  mm 1357 335
0  
0  
0  
0  
0  
0  
1  mm 1356 335
1  mm 1353 337
1  mm 1350 339
1  mm 1347 340
1  mm 1346 341
1  mm 1345 341
0  
0  
0  
0  
0  
0  
0  
0  
0  
0  
0  
0  
1  mm 1340 346
1  mm 1329 359
1  mm 1310 380
1  mm 1281 412
1  mm 1250 446
1  mm 1216 485
1  mm 1188 515
1  mm 1164 541
1  mm 1146 561
1  mm 1131 577
1  mm 1122 587
1  mm 1115 593
1  mm 1112 596
1  mm 1111 597
0  
0  
0  
0  
1  mm 1111 598
1  mm 1111 599
1  mm 1111 602
1  mm 1111 605
1  mm 1112 609
1  mm 1113 614
1  mm 1115 619
1  mm 1116 625
1  mm 1119 632
1  mm 1122 640
1  mm 1124 645
1  mm 1128 652
1  mm 1131 659
1  mm 1136 667
1  mm 1140 674
1  mm 1147 683
1  mm 1154 692
3 T 1270275446.827000 R mm 1163 702
1  mm 1174 713
1  mm 1185 724
1  mm 1197 735
1  mm 1214 748
1  mm 1230 759
1  mm 1249 770
1  mm 1268 781
1  mm 1285 791
1  mm 1302 801
1  mm 1319 811
1  mm 1333 819
1  mm 1346 828
1  mm 1358 836
1  mm 1370 843
1  mm 1381 850
1  mm 1396 859
1  mm 1406 866
1  mm 1418 874
1  mm 1429 882
1  mm 1441 891
1  mm 1450 898
1  mm 1461 906
1  mm 1471 914
1  mm 1480 921
1  mm 1489 928
1  mm 1496 933
1  mm 1501 938
1  mm 1505 941
1  mm 1507 942
0  
0  
0  
0  
0  
0  
0  
0  
0  
0  
0  
0  
0  
0  
0  
0  
1  mm 1507 938
1  mm 1507 931
1  mm 1507 922
1  mm 1507 912
1  mm 1506 900
1  mm 1504 886
1  mm 1498 868
1  mm 1492 852
1  mm 1484 834
1  mm 1476 820
1  mm 1468 807
1  mm 1461 796
1  mm 1453 783
1  mm 1447 774
1  mm 1435 755
1  mm 1425 740
1  mm 1404 712
1  mm 1390 694
1  mm 1357 661
1  mm 1336 647
1  mm 1298 629
1  mm 1269 620
1  mm 1230 612
1  mm 1184 609
1  mm 1123 610
1  mm 1062 615
1  mm 974 629
1  mm 925 639
1  mm 859 653
1  mm 793 667
1  mm 708 686
1  mm 665 695
1  mm 598 710
1  mm 557 721
1  mm 516 731
1  mm 481 740
1  mm 451 747
1  mm 429 751
1  mm 406 755
1  mm 398 756
1  mm 391 756
1  mm 387 756
1  mm 385 756
1  mm 382 756
1  mm 378 755
1  mm 375 754
1  mm 371 752
1  mm 367 751
1  mm 365 749
1  mm 362 746
1  mm 361 744
1  mm 361 743
0  
1  mb 1 1 361 743
2 T 1270275448.497000 R 
0  
0  
0  
2 F 59.880237 mb 1 0 361 743
1 F 59.880237 
1 F 59.880237 
2 F 59.880237 mm 365 745
2 F 59.880237 mm 373 749
2 F 59.880237 mm 379 752
2 F 59.880237 mm 386 756
2 F 59.880237 mm 392 758
2 F 59.880237 mm 400 762
2 F 59.880237 mm 410 766
2 F 59.880237 mm 425 771
2 F 59.880237 mm 439 774
2 F 59.880237 mm 458 777
2 F 59.880237 mm 479 779
2 F 59.880237 mm 504 781
2 F 59.880237 mm 525 782
2 F 59.880237 mm 549 783
2 F 59.880237 mm 569 783
2 F 59.880237 mm 589 783
2 F 59.880237 mm 609 783
2 F 59.880237 mm 633 782
2 F 59.880237 mm 650 780
2 F 59.880237 mm 672 777
2 F 59.880237 mm 691 775
2 F 59.880237 mm 708 772
2 F 59.880237 mm 722 770
2 F 59.880237 mm 737 767
2 F 59.880237 mm 746 765
2 F 59.880237 mm 754 763
2 F 59.880237 mm 762 760
2 F 59.880237 mm 770 757
2 F 59.880237 mm 778 753
2 F 59.880237 mm 788 748
2 F 59.880237 mm 798 742
2 F 59.880237 mm 808 735
2 F 59.880237 mm 815 730
2 F 59.880237 mm 822 724
2 F 59.880237 mm 828 716
2 F 59.880237 mm 835 705
2 F 59.880237 mm 843 691
2 F 59.880237 mm 854 671
2 F 59.880237 mm 868 649
2 F 59.880237 mm 884 627
2 F 59.880237 mm 905 600
2 F 59.880237 mm 924 571
2 F 59.880237 mm 938 545
2 F 59.880237 mm 947 520
2 F 59.880237 mm 952 495
2 F 59.880237 mm 957 471
2 F 59.880237 mm 963 443
2 F 59.880237 mm 971 423
2 F 59.880237 mm 979 405
2 F 59.880237 mm 988 390
2 F 59.880237 mm 993 379
2 F 59.880237 mm 997 369
2 F 59.880237 mm 999 363
2 F 59.880237 mm 1000 359
1 F 59.880237 
1 F 59.880237 
1 F 59.880237 
1 F 59.880237 
1 F 59.880237 
1 F 59.880237 
1 F 59.880237 
1 F 59.880237 
1 F 59.880237 
1 F 59.880237 
1 F 59.880237 
1 F 59.880237 
1 F 59.880237 
1 F 59.880237 
1 F 59.880237 
1 F 59.880237 
1 F 59.880237 
2 F 59.880237 mm 1000 356
2 F 59.880237 mm 999 350
2 F 59.880237 mm 998 340
2 F 59.880237 mm 996 331
2 F 59.880237 mm 994 321
2 F 59.880237 mm 992 314
2 F 59.880237 mm 990 309
2 F 59.880237 mm 988 305
2 F 59.880237 mm 986 303
2 F 59.880237 mm 986 302
2 F 59.880237 mm 985 302
1 F 59.880237 
1 F 59.880237 
1 F 59.880237 
1 F 59.880237 
1 F 59.880237 
1 F 59.880237 
1 F 59.880237 
1 F 59.880237 
2 F 59.880237 mm 983 301
2 F 59.880237 mm 980 300
2 F 59.880237 mm 977 299
4 T 1270275450.162000 R F 60.060061 mm 975 299
2 F 60.060061 mm 973 298
2 F 60.060061 mm 971 297
2 F 60.060061 mm 969 296
2 F 60.060061 mm 969 295
2 F 60.060061 mm 968 295
2 F 60.060061 mm 967 294
2 F 60.060061 mm 967 293
2 F 60.060061 mm 966 293
1 F 60.060061 
2 F 60.060061 mm 966 292
2 F 60.060061 mm 965 292
2 F 60.060061 mm 965 291
2 F 60.060061 mm 964 289
2 F 60.060061 mm 963 288
1 F 60.060061 
2 F 60.060061 mb 1 1 963 288
1 F 60.060061 
1 F 60.060061 
1 F 60.060061 
1 F 60.060061 
1 F 60.060061 
1 F 60.060061 
2 F 60.060061 mb 1 0 963 288
1 F 60.060061 
1 F 60.060061 
1 F 60.060061 
1 F 60.060061 
1 F 60.060061 
1 F 60.060061 
1 F 60.060061 
1 F 60.060061 
1 F 60.060061 
1 F 60.060061 
2 F 60.060061 mm 963 289
2 F 60.060061 mm 963 292
2 F 60.060061 mm 963 297
3 F 60.060061 mm 962 304 mm 961 305
2 F 60.060061 mm 958 314
2 F 60.060061 mm 956 320
2 F 60.060061 mm 954 327
3 F 60.060061 mm 952 335 mm 952 336
2 F 60.060061 mm 951 344
2 F 60.060061 mm 950 352
2 F 60.060061 mm 950 358
2 F 60.060061 mm 950 364
2 F 60.060061 mm 952 369
2 F 60.060061 mm 953 370
2 F 60.060061 mm 954 372
2 F 60.060061 mm 956 372
2 F 60.060061 mm 960 372
2 F 60.060061 mm 967 371
2 F 60.060061 mm 978 368
2 F 60.060061 mm 996 362
2 F 60.060061 mm 1019 355
2 F 60.060061 mm 1045 348
2 F 60.060061 mm 1076 342
2 F 60.060061 mm 1101 339
2 F 60.060061 mm 1122 338
2 F 60.060061 mm 1136 339
2 F 60.060061 mm 1146 342
3 F 60.060061 mb 1 1 1150 344 md 1151 344
2 F 60.060061 md 1152 345
1 F 60.060061 
1 F 60.060061 
1 F 60.060061 
1 F 60.060061 
1  mb 1 0 1152 345
