1270275451 seed, 60 fps, 1920x1081, fullScreen=1, version323_mouseSpeed1.000000_musicOff0_musicLoudness1.000000_webRetrySeconds16 7ECC67AA7FE9FC1A12B2EEC880CD7F3F20A24561
0  
0  
1  ku 122 917 823
0  
0  
0  
0  
0  
0  
0  
0  
0  
0  
0  
0  
0  
0  
0  
0  
0  
0  
0  
0  
0  
0  
0  
0  
0  
0  
0  
0  
0  
0  
0  
0  
0  
0  
0  
0  
0  
0  
0  
0  
0  
0  
0  
0  
0  
0  
0  
0  
0  
1  mm 918 823
1  mm 921 823
1  mm 926 824
1  mm 927 824
1  mm 928 824
1  mm 929 825
0  
0  
0  
0  
0  
0  
0  
0  
0  
0  
0  
0  
0  
2 T 1270275465.893000 R 
0  
0  
0  
0  
0  
0  
0  
0  
0  
0  
0  
0  
0  
2  sd 117 929 825 su 117 929 825
0  
0  
0  
0  
0  
0  
0  
0  
0  
0  
0  
0  
0  
0  
0  
0  
0  
0  
0  
0  
0  
0  
0  
0  
0  
0  
0  
0  
0  
0  
0  
0  
0  
0  
0  
0  
0  
0  
0  
0  
0  
0  
0  
0  
0  
0  
0  
0  
0  
2 T 1270275469.616000 T 1270275469.617000 
1 T 1270275469.629000 
1 T 1270275469.645000 
1 T 1270275469.661000 
1 T 1270275469.677000 
1 T 1270275469.693000 
1 T 1270275469.709000 
1 T 1270275469.725000 
1 T 1270275469.741000 
1 T 1270275469.757000 
1 T 1270275469.772000 
1 T 1270275469.789000 
1 T 1270275469.805000 
1 T 1270275469.821000 
1 T 1270275469.837000 
1 T 1270275469.853000 
1 T 1270275469.869000 
1 T 1270275469.885000 
1 T 1270275469.901000 
1 T 1270275469.917000 
1 T 1270275469.933000 
1 T 1270275469.949000 
1 T 1270275469.965000 
1 T 1270275469.982000 
1 T 1270275469.997000 
1 T 1270275470.013000 
1 T 1270275470.029000 
1 T 1270275470.045000 
1 T 1270275470.061000 
1 T 1270275470.078000 
1 T 1270275470.093000 
1 T 1270275470.109000 
1 T 1270275470.125000 
1 T 1270275470.141000 
1 T 1270275470.156000 
1 T 1270275470.173000 
3 T 1270275470.189000 R R 
1 T 1270275470.205000 
1 T 1270275470.221000 
1 T 1270275470.237000 
1 T 1270275470.253000 
1 T 1270275470.269000 
1 T 1270275470.285000 
1 T 1270275470.301000 
1 T 1270275470.317000 
1 T 1270275470.333000 
1 T 1270275470.348000 
1 T 1270275470.365000 
1 T 1270275470.381000 
1 T 1270275470.397000 
1 T 1270275470.413000 
1 T 1270275470.429000 
1 T 1270275470.445000 
1 T 1270275470.461000 
1 T 1270275470.477000 
1 T 1270275470.493000 
1 T 1270275470.509000 
1 T 1270275470.525000 
1 T 1270275470.540000 
1 T 1270275470.557000 
1 T 1270275470.573000 
1 T 1270275470.589000 
1 T 1270275470.605000 
1 T 1270275470.621000 
1 T 1270275470.637000 
1 T 1270275470.653000 
1 T 1270275470.669000 
1 T 1270275470.685000 
1 T 1270275470.701000 
1 T 1270275470.718000 
0  
0  
0  
0  
0  
0  
0  
0  
0  
0  
0  
0  
0  
0  
0  
0  
0  
0  
0  
0  
0  
0  
0  
0  
0  
0  
0  
0  
0  
0  
0  
0  
0  
0  
0  
0  
0  
0  
0  
0  
0  
0  
0  
0  
0  
0  
0  
0  
0  
0  
0  
0  
0  
0  
0  
0  
0  
0  
0  
0  
0  
0  
0  
0  
0  
0  
2 T 1270275471.789000 R 
0  
0  
0  
0  
0  
0  
0  
0  
0  
0  
0  
0  
0  
0  
0  
0  
0  
0  
0  
0  
0  
0  
0  
0  
0  
0  
0  
0  
0  
0  
0  
0  
0  
0  
0  
0  
0  
0  
0  
0  
0  
0  
0  
0  
0  
0  
0  
0  
0  
0  
0  
0  
0  
0  
0  
0  
0  
0  
0  
0  
0  
0  
0  
0  
0  
0  
0  
0  
0  
0  
0  
0  
0  
0  
0  
0  
0  
0  
0  
0  
0  
0  
0  
0  
0  
0  
0  
0  
0  
0  
0  
0  
0  
0  
0  
0  
0  
0  
0  
2 T 1270275473.389000 R 
0  
0  
0  
0  
0  
0  
0  
0  
0  
0  
0  
0  
0  
0  
0  
0  
0  
0  
0  
0  
0  
0  
0  
0  
0  
0  
0  
0  
0  
0  
0  
0  
0  
0  
0  
0  
0  
0  
0  
0  
0  
0  
0  
0  
0  
0  
0  
0  
0  
0  
0  
0  
0  
0  
0  
0  
0  
0  
0  
0  
0  
0  
0  
0  
0  
0  
0  
0  
0  
0  
0  
0  
0  
0  
0  
0  
0  
0  
0  
0  
0  
0  
0  
0  
0  
0  
0  
0  
0  
0  
0  
0  
0  
0  
0  
0  
0  
0  
0  
2 T 1270275474.989000 R 
0  
0  
0  
0  
0  
0  
0  
0  
0  
0  
0  
0  
0  
0  
0  
0  
0  
0  
0  
0  
0  
0  
0  
0  
0  
0  
0  
0  
0  
0  
0  
0  
0  
0  
0  
0  
0  
0  
0  
0  
0  
0  
0  
0  
0  
0  
0  
0  
0  
0  
0  
0  
0  
0  
0  
0  
0  
0  
0  
0  
0  
0  
0  
0  
0  
0  
0  
0  
0  
0  
0  
0  
0  
0  
0  
0  
0  
0  
0  
0  
0  
0  
0  
0  
0  
0  
0  
0  
0  
0  
0  
0  
0  
0  
0  
0  
0  
0  
0  
2 T 1270275476.588000 R 
0  
0  
0  
0  
0  
0  
0  
0  
0  
0  
0  
0  
0  
0  
0  
0  
0  
0  
0  
0  
0  
0  
0  
0  
0  
0  
0  
0  
0  
0  
0  
0  
0  
0  
0  
0  
0  
0  
0  
0  
0  
0  
0  
0  
0  
0  
0  
0  
0  
0  
0  
0  
0  
0  
0  
0  
0  
0  
0  
0  
0  
0  
0  
0  
0  
0  
0  
0  
0  
0  
0  
0  
0  
0  
0  
0  
0  
0  
0  
0  
0  
0  
0  
0  
0  
0  
0  
0  
0  
0  
0  
0  
0  
0  
0  
0  
0  
0  
0  
2 T 1270275478.188000 R 
0  
0  
0  
0  
0  
0  
0  
0  
0  
0  
0  
0  
0  
0  
0  
0  
0  
0  
0  
0  
0  
0  
0  
0  
0  
0  
0  
0  
0  
0  
0  
0  
0  
0  
0  
0  
0  
0  
0  
0  
0  
0  
0  
0  
0  
0  
0  
0  
0  
0  
0  
0  
0  
0  
0  
0  
0  
0  
0  
0  
0  
0  
0  
0  
0  
0  
0  
0  
0  
0  
0  
0  
0  
0  
0  
0  
0  
0  
0  
0  
0  
0  
0  
0  
0  
0  
0  
0  
0  
0  
0  
0  
0  
0  
0  
0  
0  
0  
0  
2 T 1270275479.789000 R 
0  
0  
0  
0  
0  
0  
0  
0  
0  
0  
0  
0  
0  
0  
0  
0  
0  
0  
0  
0  
0  
0  
0  
0  
0  
0  
0  
0  
0  
0  
0  
0  
0  
0  
0  
0  
0  
0  
0  
0  
0  
0  
0  
0  
0  
0  
0  
0  
0  
0  
0  
0  
0  
0  
0  
0  
0  
0  
0  
0  
0  
0  
0  
0  
0  
0  
0  
0  
0  
0  
0  
0  
0  
0  
0  
0  
0  
0  
0  
0  
0  
0  
0  
0  
0  
0  
0  
0  
0  
0  
0  
0  
0  
0  
0  
0  
0  
0  
0  
2 T 1270275481.389000 R 
0  
0  
0  
0  
0  
0  
0  
0  
0  
0  
0  
0  
0  
0  
0  
0  
0  
0  
0  
0  
0  
0  
0  
0  
0  
0  
0  
0  
0  
0  
0  
0  
0  
0  
0  
0  
0  
0  
0  
0  
0  
0  
0  
0  
0  
0  
0  
0  
0  
0  
0  
0  
0  
0  
0  
0  
0  
0  
0  
0  
0  
0  
0  
0  
0  
0  
0  
0  
0  
0  
0  
0  
0  
0  
0  
0  
0  
0  
0  
0  
0  
0  
0  
0  
0  
0  
0  
0  
0  
0  
0  
0  
0  
0  
0  
0  
0  
0  
0  
2 T 1270275482.989000 R 
0  
0  
0  
0  
0  
0  
0  
0  
0  
0  
0  
0  
0  
0  
0  
0  
0  
0  
0  
0  
0  
0  
0  
0  
0  
0  
0  
0  
0  
0  
0  
0  
0  
0  
0  
0  
0  
0  
0  
0  
0  
0  
0  
0  
0  
0  
0  
0  
0  
0  
0  
0  
0  
0  
0  
0  
0  
0  
0  
0  
0  
0  
0  
0  
0  
0  
0  
0  
0  
0  
0  
1  mm 456 576
1  mm 427 558
1  mm 400 542
1  mm 374 529
1  mm 350 519
1  mm 326 510
1  mm 308 504
1  mm 296 500
1  mm 291 500
1  mb 1 1 291 499
0  
0  
0  
2  mb 1 0 291 499 mm 457 516
1  mm 511 516
1  mm 558 516
1  mm 601 515
1  mm 660 516
1  mm 711 521
1  mm 761 527
1  mm 805 535
1  mm 840 543
1  mm 861 548
1  mm 871 551
1  mm 872 551
0  
0  
0  
2 T 1270275484.676000 R 
0  
1  mm 874 552
1  mm 880 554
1  mm 893 556
1  mm 909 559
1  mm 929 560
1  mm 955 560
1  mm 989 560
1  mm 1029 558
1  mm 1074 555
1  mm 1126 551
1  mm 1183 547
1  mm 1241 544
1  mm 1297 542
1  mm 1344 542
1  mm 1381 542
1  mm 1406 545
1  mm 1420 548
1  mm 1427 552
1  mm 1429 554
1  mm 1429 556
1  mm 1426 559
1  mm 1421 563
1  mm 1410 569
1  mm 1399 574
1  mm 1390 577
1  mm 1384 579
1  mm 1378 581
1  mm 1373 583
1  mm 1364 585
1  mm 1349 590
1  mm 1327 596
1  mm 1295 604
1  mm 1250 616
1  mm 1195 633
1  mm 1132 652
1  mm 1063 672
1  mm 990 690
1  mm 917 708
1  mm 847 724
1  mm 779 742
1  mm 714 757
1  mm 655 770
1  mm 602 778
1  mm 559 781
1  mm 524 780
1  mm 498 774
1  mm 475 764
1  mm 458 756
1  mm 446 750
1  mm 439 747
1  mm 434 744
1  mm 430 742
1  mm 426 741
1  mm 423 741
1  mm 421 740
1  mm 420 740
1  mm 418 740
1  mm 415 740
1  mm 412 740
1  mm 409 740
1  mm 408 740
1  mm 407 740
0  
0  
1  mb 1 1 407 740
0  
0  
0  
2 F 59.276821 mb 1 0 407 740
1 F 59.276821 
1 F 59.276821 
2 F 59.276821 mm 411 740
2 F 59.276821 mm 419 740
2 F 59.276821 mm 430 741
2 F 59.276821 mm 446 741
2 F 59.276821 mm 469 741
2 F 59.276821 mm 497 741
2 F 59.276821 mm 531 739
2 F 59.276821 mm 570 735
2 F 59.276821 mm 614 729
2 F 59.276821 mm 662 719
2 F 59.276821 mm 717 707
3 F 59.276821 mm 767 691 mm 774 689
2 F 59.276821 mm 835 665
2 F 59.276821 mm 896 638
2 F 59.276821 mm 958 609
2 F 59.276821 mm 1017 581
2 F 59.276821 mm 1071 556
2 F 59.276821 mm 1118 533
2 F 59.276821 mm 1158 518
2 F 59.276821 mm 1190 508
2 F 59.276821 mm 1213 505
2 F 59.276821 mm 1225 504
2 F 59.276821 mm 1227 504
1 F 59.276821 
1 F 59.276821 
1 F 59.276821 
1 F 59.276821 
3 T 1270275486.276000 R F 62.500004 
1 F 62.500004 
1 F 62.500004 
1 F 62.500004 
1 F 62.500004 
2 F 62.500004 mm 1227 506
2 F 62.500004 mm 1227 511
2 F 62.500004 mm 1224 519
2 F 62.500004 mm 1221 531
2 F 62.500004 mm 1219 545
2 F 62.500004 mm 1218 565
2 F 62.500004 mm 1219 593
2 F 62.500004 mm 1221 627
2 F 62.500004 mm 1222 661
2 F 62.500004 mm 1222 689
2 F 62.500004 mm 1221 711
2 F 62.500004 mm 1222 724
2 F 62.500004 mm 1225 733
2 F 62.500004 mm 1227 738
2 F 62.500004 mm 1228 741
2 F 62.500004 mm 1229 744
2 F 62.500004 mm 1230 749
2 F 62.500004 mm 1231 755
2 F 62.500004 mm 1233 762
2 F 62.500004 mm 1234 768
2 F 62.500004 mm 1236 770
1 F 62.500004 
1 F 62.500004 
1 F 62.500004 
1 F 62.500004 
1 F 62.500004 
2 F 62.500004 mm 1237 770
2 F 62.500004 mm 1240 769
2 F 62.500004 mm 1246 766
2 F 62.500004 mm 1255 763
2 F 62.500004 mm 1266 759
2 F 62.500004 mm 1275 755
2 F 62.500004 mm 1284 753
2 F 62.500004 mm 1293 752
2 F 62.500004 mm 1304 754
2 F 62.500004 mm 1318 760
2 F 62.500004 mm 1336 768
2 F 62.500004 mm 1356 776
2 F 62.500004 mm 1381 786
2 F 62.500004 mm 1403 794
2 F 62.500004 mm 1426 803
2 F 62.500004 mm 1447 811
2 F 62.500004 mm 1468 819
2 F 62.500004 mm 1490 828
2 F 62.500004 mm 1512 837
2 F 62.500004 mm 1533 845
2 F 62.500004 mm 1552 851
2 F 62.500004 mm 1567 854
2 F 62.500004 mm 1580 856
2 F 62.500004 mm 1590 856
2 F 62.500004 mm 1598 856
2 F 62.500004 mm 1607 854
2 F 62.500004 mm 1614 853
2 F 62.500004 mm 1621 851
2 F 62.500004 mm 1627 849
2 F 62.500004 mm 1633 847
2 F 62.500004 mm 1638 846
2 F 62.500004 mm 1642 846
2 F 62.500004 mm 1645 845
2 F 62.500004 mm 1646 845
1 F 62.500004 
1 F 62.500004 
2 F 62.500004 mm 1646 841
2 F 62.500004 mm 1645 835
2 F 62.500004 mm 1640 827
2 F 62.500004 mm 1631 818
2 F 62.500004 mm 1613 805
2 F 62.500004 mm 1585 790
2 F 62.500004 mm 1545 775
2 F 62.500004 mm 1497 764
2 F 62.500004 mm 1445 760
2 F 62.500004 mm 1392 760
2 F 62.500004 mm 1343 760
2 F 62.500004 mm 1297 757
2 F 62.500004 mm 1255 751
2 F 62.500004 mm 1207 742
2 F 62.500004 mm 1170 738
2 F 62.500004 mm 1124 736
2 F 62.500004 mm 1075 740
2 F 62.500004 mm 1030 751
2 F 62.500004 mm 989 764
2 F 62.500004 mm 951 777
2 F 62.500004 mm 917 790
2 F 62.500004 mm 886 802
2 F 62.500004 mm 855 814
2 F 62.500004 mm 822 826
2 F 62.500004 mm 787 839
2 F 62.500004 mm 754 851
2 F 62.500004 mm 725 860
2 F 62.500004 mm 699 867
2 F 62.500004 mm 680 869
2 F 62.500004 mm 662 870
2 F 62.500004 mm 643 870
2 F 62.500004 mm 631 870
2 F 62.500004 mm 617 870
4 T 1270275487.877000 R F 62.460959 mm 606 870
2 F 62.460959 mm 592 871
2 F 62.460959 mm 577 873
2 F 62.460959 mm 560 876
2 F 62.460959 mm 542 880
2 F 62.460959 mm 523 884
2 F 62.460959 mm 505 887
2 F 62.460959 mm 486 889
2 F 62.460959 mm 469 892
2 F 62.460959 mm 450 895
2 F 62.460959 mm 433 899
2 F 62.460959 mm 416 903
2 F 62.460959 mm 396 908
2 F 62.460959 mm 379 913
2 F 62.460959 mm 365 917
2 F 62.460959 mm 352 920
2 F 62.460959 mm 341 922
2 F 62.460959 mm 332 924
2 F 62.460959 mm 322 924
2 F 62.460959 mm 311 925
2 F 62.460959 mm 298 926
2 F 62.460959 mm 285 927
2 F 62.460959 mm 272 929
2 F 62.460959 mm 257 931
2 F 62.460959 mm 243 934
2 F 62.460959 mm 232 935
2 F 62.460959 mm 223 936
2 F 62.460959 mm 218 936
2 F 62.460959 mb 1 1 218 936
1 F 62.460959 
1 F 62.460959 
1 F 62.460959 
1 F 62.460959 
1 F 62.460959 
2 T 1270275488.424000 mb 1 0 218 936
1  mm 221 937
1  mm 232 933
1  mm 251 925
2  mm 282 913 mm 288 911
1  mm 327 895
1  mm 380 873
1  mm 433 850
1  mm 479 831
1  mm 517 817
1  mm 550 808
1  mm 582 802
1  mm 615 795
1  mm 649 785
1  mm 683 771
1  mm 717 753
1  mm 751 729
1  mm 784 698
1  mm 812 663
1  mm 835 625
1  mm 849 591
1  mm 858 560
1  mm 866 533
1  mm 874 513
1  mm 883 493
1  mm 890 475
1  mm 895 458
1  mm 898 442
1  mm 899 429
1  mm 900 421
1  mm 899 414
1  mm 899 405
1  mm 898 397
1  mm 898 386
1  mm 898 378
1  mm 899 373
1  mm 899 372
1  mb 1 1 899 372
0  
0  
0  
0  
0  
1  mb 1 0 899 372
0  
0  
0  
1  mm 900 372
1  mm 900 371
1  mm 901 370
1  mm 902 368
1  mm 902 367
1  mm 902 365
1  mm 902 364
1  mm 902 363
1  mb 1 1 902 363
0  
0  
0  
0  
0  
1  mb 1 0 902 363
1  mm 903 363
1  mm 905 363
1  mm 906 362
1  mm 908 360
3 T 1270275489.477000 R mm 909 359
1  mm 910 356
1  mm 911 352
1  mm 912 348
1  mm 913 345
0  
0  
1  mb 1 1 913 345
0  
1  md 912 345
1  md 910 347
1  md 909 348
1  md 908 348
0  
2  mb 1 0 908 348 mm 908 349
0  
0  
0  
0  
0  
1  mm 908 350
1  mm 908 351
1  mm 909 352
1  mm 909 353
1  mm 910 354
1  mm 911 356
1  mm 912 357
1  mm 912 358
2  kd 97 913 359 mm 913 359
0  
0  
0  
0  
0  
0  
1  kd 115 913 359
0  
0  
1  mm 913 360
1  mm 913 361
1  mm 913 363
1  mm 913 364
2  kd 100 913 366 mm 913 366
2  ku 97 914 367 mm 914 367
1  mm 914 369
1  mm 915 371
1  mm 916 374
2  mm 917 378 mm 917 379
2  ku 115 918 385 mm 918 385
1  mm 919 393
1  mm 920 403
1  mm 920 413
1  mm 921 423
1  mm 922 432
1  mm 924 440
2  ku 100 926 446 mm 926 446
1  mm 927 450
2  kd 97 927 454 mm 927 454
1  mm 927 459
1  mm 925 465
1  mm 921 473
1  mm 917 480
2  kd 115 911 487 mm 911 487
1  mm 906 492
1  mm 901 498
1  mm 897 502
1  mm 894 506
2  kd 100 891 510 mm 891 510
1  mm 889 513
2  ku 97 888 515 mm 888 515
1  mm 886 517
1  mm 884 520
2  ku 115 880 523 mm 880 523
1  mm 877 526
1  mm 874 528
2  ku 100 873 529 mm 873 529
1  mm 872 530
1  mm 871 530
1  mm 870 530
1  mm 869 530
1  mm 869 531
0  
1  mm 868 531
0  
0  
0  
0  
0  
0  
0  
0  
0  
0  
1  mm 871 532
1  mm 879 534
1  mm 895 539
1  mm 911 543
1  mm 933 548
1  mm 955 552
1  mm 979 555
3 T 1270275491.077000 R mm 999 556
1  mm 1022 558
1  mm 1050 561
1  mm 1084 564
1  mm 1129 566
1  mm 1167 565
1  mm 1212 560
1  mm 1258 554
1  mm 1302 547
1  mm 1344 540
1  mm 1382 536
1  mm 1416 533
1  mm 1445 532
1  mm 1469 531
1  mm 1492 531
1  mm 1507 531
1  mm 1519 532
1  mm 1528 532
1  mm 1533 532
1  mm 1535 531
1  mm 1536 531
0  
1  mm 1539 531
1  mm 1541 530
1  mm 1543 529
1  mm 1544 529
0  
0  
0  
0  
0  
0  
0  
0  
0  
0  
0  
0  
0  
0  
0  
0  
0  
0  
0  
0  
0  
0  
0  
0  
0  
0  
1  mb 1 1 1544 529
0  
0  
0  
0  
0  
2 t 1270275492 mb 1 0 1544 529
4 r wb 0 0 r r 
3 wb 0 0 r r 
3 wb 0 0 r r 
4 wb 0 0 r r mm 1544 530
4 wb 0 0 r r mm 1540 534
4 wb 0 0 r r mm 1534 540
4 wb 0 0 r r mm 1526 547
4 wb 0 0 r r mm 1515 554
4 wb 0 0 r r mm 1502 563
4 wb 0 0 r r mm 1489 572
4 wb 0 0 r r mm 1475 581
4 wb 0 0 r r mm 1463 590
4 wb 0 0 r r mm 1450 598
4 wb 0 0 r r mm 1436 606
4 wb 0 0 r r mm 1422 613
4 wb 0 0 r r mm 1398 624
4 wb 0 0 r r mm 1374 633
4 wb 0 0 r r mm 1345 644
4 wb 0 0 r r mm 1320 654
4 wb 0 0 r r mm 1298 662
4 wb 0 0 r r mm 1280 668
4 wb 0 0 r r mm 1267 673
4 wb 0 0 r r mm 1257 676
4 wb 0 0 r r mm 1248 678
4 wb 0 0 r r mm 1241 680
4 wb 0 0 r r mm 1235 682
4 wb 0 0 r r mm 1230 683
4 wb 0 0 r r mm 1225 684
4 wb 0 0 r r mm 1223 685
4 wb 0 0 r r mm 1221 685
4 wb 0 0 r r mm 1220 685
3 wb 0 0 r r 
4 wb 0 0 r r mm 1219 685
3 wb 0 0 r r 
4 wb 0 0 r r mm 1217 685
4 wb 0 0 r r mm 1216 685
4 wb 0 0 r r mm 1215 685
5 wb 0 1 wb 0 2 91 bigserver2.onehouronelife.com
8005
323
http://onehouronelife.com/updateServer/server.php
OK wb 0 2 91 bigserver2.onehouronelife.com
8005
323
http://onehouronelife.com/updateServer/server.php
OK T 1270275492.615000 mm 1214 685
2 T 1270275492.785000 mm 1213 685
2 T 1270275492.786000 mm 1211 686
2 T 1270275492.803000 mm 1210 686
3 T 1270275492.819000 R R 
1 T 1270275492.835000 
1 T 1270275492.851000 
1 T 1270275492.867000 
1 T 1270275492.883000 
2 T 1270275492.899000 mm 1209 686
1 T 1270275492.915000 
2 T 1270275492.931000 mm 1208 686
2 T 1270275492.947000 mm 1207 686
1 T 1270275492.963000 
1 T 1270275492.979000 
1 T 1270275492.995000 
1 T 1270275493.011000 
1 T 1270275493.026000 
1 T 1270275493.043000 
1 T 1270275493.059000 
1 T 1270275493.075000 
1 T 1270275493.091000 
1 T 1270275493.107000 
1 T 1270275493.123000 
1 T 1270275493.139000 
1 T 1270275493.156000 
1 T 1270275493.171000 
2 T 1270275493.187000 mm 1206 687
2 T 1270275493.203000 mm 1205 687
2 T 1270275493.218000 mm 1204 687
2 T 1270275493.235000 mm 1203 687
2 T 1270275493.251000 mm 1200 687
2 T 1270275493.267000 mm 1198 687
2 T 1270275493.283000 mm 1196 687
2 T 1270275493.299000 mm 1195 687
1 T 1270275493.315000 
1 T 1270275493.331000 
1 T 1270275493.347000 
1 T 1270275493.363000 
1 T 1270275493.379000 
1 T 1270275493.395000 
1 T 1270275493.411000 
1 T 1270275493.427000 
1 T 1270275493.442000 
1 T 1270275493.459000 
1 T 1270275493.475000 
1 T 1270275493.491000 
2 T 1270275493.507000 mm 1194 687
2 T 1270275493.523000 mm 1192 687
2 T 1270275493.539000 mm 1190 686
2 T 1270275493.555000 mm 1188 685
2 T 1270275493.571000 mm 1185 684
2 T 1270275493.587000 mm 1182 683
2 T 1270275493.603000 mm 1179 682
10 T 1270275493.619000 xs 0 2 63 534E0A34332F3236300A42313534453331443945454345413141413435433544463633373531333145453630413835304643373135363536380A3332330A23 R xs 0 2 0 R R R R xs 0 0 187 mm 1176 680
6 T 1270275493.634000 xs 0 2 0 R R R mm 1173 679
6 T 1270275493.651000 xs 0 2 0 R R R mm 1170 678
6 T 1270275493.667000 xs 0 2 0 R R R mm 1167 677
6 T 1270275493.683000 xs 0 2 0 R R R mm 1165 676
6 T 1270275493.699000 xs 0 2 0 R R R mm 1164 676
6 T 1270275493.715000 xs 0 2 0 R R R mm 1163 675
6 T 1270275493.731000 xs 0 2 0 R R R mm 1162 675
5 T 1270275493.747000 xs 0 2 0 R R R 
5 T 1270275493.763000 xs 0 2 0 R R R 
5 T 1270275493.779000 xs 0 2 0 R R R 
5 T 1270275493.795000 xs 0 2 0 R R R 
5 T 1270275493.811000 xs 0 2 0 R R R 
5 T 1270275493.827000 xs 0 2 0 R R R 
5 T 1270275493.843000 xs 0 2 0 R R R 
5 T 1270275493.859000 xs 0 2 0 R R R 
5 T 1270275493.875000 xs 0 2 0 R R R 
5 T 1270275493.891000 xs 0 2 0 R R R 
5 T 1270275493.907000 xs 0 2 0 R R R 
5 T 1270275493.923000 xs 0 2 0 R R R 
5 T 1270275493.939000 xs 0 2 0 R R R 
5 T 1270275493.956000 xs 0 2 0 R R R 
5 T 1270275493.971000 xs 0 2 0 R R R 
5 T 1270275493.987000 xs 0 2 0 R R R 
5 T 1270275494.002000 xs 0 2 0 R R R 
5 T 1270275494.019000 xs 0 2 0 R R R 
6 T 1270275494.035000 xs 0 2 0 R R R mm 1161 675
6 T 1270275494.051000 xs 0 2 0 R R R mm 1160 674
6 T 1270275494.068000 xs 0 2 0 R R R mm 1160 673
6 T 1270275494.083000 xs 0 2 0 R R R mm 1159 673
5 T 1270275494.099000 xs 0 2 0 R R R 
5 T 1270275494.115000 xs 0 2 0 R R R 
5 T 1270275494.131000 xs 0 2 0 R R R 
5 T 1270275494.147000 xs 0 2 0 R R R 
6 T 1270275494.163000 xs 0 2 0 R R R mm 1158 673
6 T 1270275494.179000 xs 0 2 0 R R R mm 1158 672
6 T 1270275494.194000 xs 0 2 0 R R R mm 1157 672
6 T 1270275494.211000 xs 0 2 0 R R R mm 1156 671
5 T 1270275494.227000 xs 0 2 0 R R R 
6 T 1270275494.243000 xs 0 2 0 R R R mm 1155 671
6 T 1270275494.259000 xs 0 2 0 R R R mm 1153 670
6 T 1270275494.275000 xs 0 2 0 R R R mm 1151 669
6 T 1270275494.291000 xs 0 2 0 R R R mm 1149 668
6 T 1270275494.307000 xs 0 2 0 R R R mm 1147 667
6 T 1270275494.323000 xs 0 2 0 R R R mm 1145 666
6 T 1270275494.339000 xs 0 2 0 R R R mm 1143 665
6 T 1270275494.355000 xs 0 2 0 R R R mm 1141 665
6 T 1270275494.371000 xs 0 2 0 R R R mm 1139 664
6 T 1270275494.387000 xs 0 2 0 R R R mm 1137 663
6 T 1270275494.403000 xs 0 2 0 R R R mm 1135 663
8 T 1270275494.419000 R R xs 0 2 0 R R R mm 1134 663
6 T 1270275494.435000 xs 0 2 0 R R R mm 1132 662
6 T 1270275494.451000 xs 0 2 0 R R R mm 1130 661
6 T 1270275494.467000 xs 0 2 0 R R R mm 1126 660
6 T 1270275494.483000 xs 0 2 0 R R R mm 1123 659
6 T 1270275494.499000 xs 0 2 0 R R R mm 1119 657
6 T 1270275494.515000 xs 0 2 0 R R R mm 1113 654
6 T 1270275494.531000 xs 0 2 0 R R R mm 1108 651
6 T 1270275494.547000 xs 0 2 0 R R R mm 1101 647
6 T 1270275494.563000 xs 0 2 0 R R R mm 1096 643
6 T 1270275494.579000 xs 0 2 0 R R R mm 1090 638
7 T 1270275494.594000 xs 0 2 0 R R R mm 1086 635 mm 1085 634
7 T 1270275494.611000 xs 0 2 0 R R R mm 1082 630 mm 1081 630
12 T 1270275494.627000 xs 0 2 10 52454A45435445440A23 xs 0 2 0 R R R R T 1270275494.628000 R wb 1 0 wb 2 0 mm 1079 626
3 wb 1 0 wb 2 0 mm 1077 621
3 wb 1 0 wb 2 0 mm 1075 615
3 wb 1 0 wb 2 0 mm 1075 610
3 wb 1 0 wb 2 0 mm 1075 604
3 wb 1 0 wb 2 0 mm 1075 599
3 wb 1 0 wb 2 0 mm 1078 594
3 wb 1 0 wb 2 0 mm 1080 590
3 wb 1 0 wb 2 0 mm 1084 587
3 wb 1 0 wb 2 0 mm 1087 584
3 wb 1 0 wb 2 0 mm 1091 581
3 wb 1 0 wb 2 0 mm 1094 579
3 wb 1 0 wb 2 0 mm 1096 577
3 wb 1 0 wb 2 0 mm 1098 577
3 wb 1 0 wb 2 0 mm 1098 576
2 wb 1 0 wb 2 0 
3 wb 1 0 wb 2 0 mm 1099 576
2 wb 1 0 wb 2 0 
2 wb 1 0 wb 2 0 
2 wb 1 0 wb 2 0 
2 wb 1 0 wb 2 0 
3 wb 1 0 wb 2 0 mm 1100 576
5 wb 1 1 T 1270275494.979000 wb 2 1 R mm 1101 575
5 wb 1 1 T 1270275494.995000 wb 2 1 R mm 1102 574
5 wb 1 1 T 1270275495.011000 wb 2 1 R mm 1102 573
4 wb 1 1 T 1270275495.027000 wb 2 1 R 
4 wb 1 1 T 1270275495.043000 wb 2 1 R 
4 wb 1 1 T 1270275495.059000 wb 2 1 R 
4 wb 1 1 T 1270275495.075000 wb 2 1 R 
4 wb 1 1 T 1270275495.091000 wb 2 1 R 
4 wb 1 1 T 1270275495.108000 wb 2 1 R 
4 wb 1 1 T 1270275495.123000 wb 2 1 R 
4 wb 1 1 T 1270275495.139000 wb 2 1 R 
4 wb 1 1 T 1270275495.154000 wb 2 1 R 
4 wb 1 1 T 1270275495.171000 wb 2 1 R 
4 wb 1 1 T 1270275495.188000 wb 2 1 R 
4 wb 1 1 T 1270275495.204000 wb 2 1 R 
4 wb 1 1 T 1270275495.219000 wb 2 1 R 
4 wb 1 1 T 1270275495.235000 wb 2 1 R 
4 wb 1 1 T 1270275495.251000 wb 2 1 R 
4 wb 1 1 T 1270275495.268000 wb 2 1 R 
4 wb 1 1 T 1270275495.283000 wb 2 1 R 
4 wb 1 1 T 1270275495.301000 wb 2 1 R 
4 wb 1 1 T 1270275495.315000 wb 2 1 R 
4 wb 1 1 T 1270275495.331000 wb 2 1 R 
4 wb 1 1 T 1270275495.347000 wb 2 1 R 
4 wb 1 1 T 1270275495.363000 wb 2 1 R 
4 wb 1 1 T 1270275495.379000 wb 2 1 R 
4 wb 1 1 T 1270275495.395000 wb 2 1 R 
4 wb 1 1 T 1270275495.411000 wb 2 1 R 
4 wb 1 1 T 1270275495.427000 wb 2 1 R 
4 wb 1 1 T 1270275495.443000 wb 2 1 R 
4 wb 1 1 T 1270275495.459000 wb 2 1 R 
4 wb 1 1 T 1270275495.475000 wb 2 1 R 
4 wb 1 1 T 1270275495.491000 wb 2 1 R 
4 wb 1 1 T 1270275495.507000 wb 2 1 R 
4 wb 1 1 T 1270275495.524000 wb 2 1 R 
5 wb 1 1 T 1270275495.539000 wb 2 1 R mm 1103 570
5 wb 1 1 T 1270275495.555000 wb 2 1 R mm 1103 568
5 wb 1 1 T 1270275495.571000 wb 2 1 R mm 1104 565
5 wb 1 1 T 1270275495.587000 wb 2 1 R mm 1105 562
5 wb 1 1 T 1270275495.603000 wb 2 1 R mm 1106 558
5 wb 1 1 T 1270275495.620000 wb 2 1 R mm 1108 552
7 wb 1 1 T 1270275495.636000 wb 1 2 6 DENIED wb 2 1 R wb 2 2 6 DENIED mm 1109 548
1  mm 1112 543
1  mm 1115 536
0  
0  
0  
0  
0  
0  
0  
0  
0  
0  
0  
0  
0  
0  
0  
0  
0  
0  
0  
0  
0  
2 T 1270275496.057000 R 
0  
0  
0  
0  
0  
1  sd 117 1115 536
0  
0  
0  
1  su 117 1115 536
0  
0  
0  
0  
0  
0  
0  
0  
0  
0  
0  
0  
0  
0  
0  
0  
0  
0  
0  
0  
0  
0  
0  
0  
0  
0  
0  
0  
0  
0  
0  
0  
0  
0  
0  
0  
0  
0  
0  
0  
0  
0  
0  
0  
0  
0  
0  
0  
0  
0  
0  
0  
0  
0  
0  
0  
0  
0  
0  
0  
0  
0  
0  
0  
0  
0  
0  
0  
0  
0  
0  
0  
0  
0  
0  
0  
0  
0  
0  
0  
0  
0  
0  
0  
0  
0  
0  
0  
0  
2 T 1270275497.692000 R 
0  
0  
0  
0  
0  
0  
0  
0  
0  
0  
0  
0  
0  
0  
0  
0  
0  
0  
0  
0  
0  
0  
0  
0  
0  
0  
0  
0  
0  
0  
0  
0  
0  
0  
0  
0  
0  
0  
0  
0  
0  
0  
0  
0  
0  
0  
0  
0  
0  
0  
0  
0  
0  
0  
0  
0  
0  
0  
0  
0  
0  
0  
0  
0  
0  
0  
0  
0  
0  
0  
0  
0  
0  
0  
0  
0  
0  
0  
0  
0  
0  
0  
0  
0  
0  
0  
0  
0  
0  
0  
0  
0  
0  
0  
0  
0  
0  
0  
0  
2 T 1270275499.293000 R 
0  
0  
0  
0  
0  
0  
0  
0  
0  
0  
0  
0  
0  
0  
0  
0  
0  
0  
0  
0  
0  
0  
0  
0  
0  
0  
0  
0  
0  
0  
0  
0  
0  
0  
0  
0  
0  
0  
0  
0  
0  
0  
0  
0  
0  
0  
0  
0  
0  
0  
0  
0  
0  
0  
0  
0  
0  
0  
0  
0  
0  
0  
0  
0  
0  
0  
0  
0  
0  
0  
0  
0  
0  
0  
0  
0  
0  
0  
0  
0  
0  
0  
0  
0  
0  
0  
0  
0  
0  
0  
0  
0  
0  
0  
0  
0  
0  
0  
0  
2 T 1270275500.892000 R 
0  
0  
0  
0  
0  
0  
0  
0  
0  
0  
0  
0  
0  
0  
0  
0  
0  
0  
0  
0  
0  
0  
0  
0  
0  
0  
0  
0  
0  
0  
0  
0  
0  
0  
0  
0  
0  
0  
0  
0  
0  
0  
0  
0  
0  
0  
0  
0  
0  
0  
0  
0  
0  
0  
0  
0  
0  
0  
0  
0  
0  
0  
0  
0  
0  
0  
0  
0  
0  
0  
0  
0  
0  
0  
0  
0  
0  
0  
0  
0  
0  
0  
0  
0  
0  
0  
0  
0  
0  
0  
0  
0  
0  
0  
0  
0  
0  
0  
0  
2 T 1270275502.492000 R 
0  
0  
0  
0  
0  
0  
0  
0  
0  
0  
0  
0  
0  
0  
0  
0  
0  
0  
0  
0  
0  
0  
0  
0  
0  
0  
0  
0  
0  
0  
0  
0  
0  
0  
0  
0  
0  
0  
0  
0  
0  
0  
0  
0  
0  
0  
0  
0  
0  
0  
0  
0  
0  
0  
0  
0  
0  
0  
0  
0  
0  
0  
0  
0  
0  
0  
0  
0  
0  
0  
0  
0  
0  
0  
0  
0  
0  
0  
0  
0  
0  
0  
0  
0  
0  
0  
0  
0  
0  
0  
0  
0  
0  
0  
0  
0  
0  
0  
0  
2 T 1270275504.092000 R 
0  
0  
0  
0  
0  
0  
0  
0  
0  
0  
0  
0  
0  
0  
0  
0  
0  
0  
0  
0  
0  
0  
0  
0  
0  
0  
0  
0  
0  
0  
0  
0  
0  
0  
0  
0  
0  
0  
0  
0  
0  
0  
0  
0  
0  
0  
0  
0  
0  
0  
0  
0  
0  
0  
0  
0  
0  
0  
0  
0  
0  
0  
0  
0  
0  
0  
0  
0  
0  
0  
0  
0  
0  
0  
0  
0  
0  
0  
0  
0  
0  
0  
0  
0  
0  
0  
0  
0  
0  
0  
0  
0  
0  
0  
0  
0  
0  
0  
0  
2 T 1270275505.692000 R 
0  
0  
0  
0  
0  
0  
0  
0  
0  
0  
0  
0  
0  
0  
0  
0  
0  
0  
0  
0  
0  
0  
0  
0  
0  
0  
0  
0  
0  
0  
0  
0  
0  
0  
0  
0  
0  
0  
0  
0  
0  
0  
0  
0  
0  
0  
0  
0  
0  
0  
0  
0  
0  
0  
0  
0  
0  
0  
0  
0  
0  
0  
0  
0  
0  
0  
0  
0  
0  
0  
0  
0  
0  
0  
0  
0  
0  
0  
0  
0  
0  
0  
0  
0  
0  
0  
0  
0  
0  
0  
0  
0  
0  
0  
0  
0  
0  
0  
0  
2 T 1270275507.292000 R 
0  
0  
0  
0  
0  
0  
0  
0  
0  
0  
0  
0  
0  
0  
0  
0  
0  
0  
0  
0  
0  
0  
0  
0  
0  
0  
0  
0  
0  
0  
0  
0  
0  
0  
0  
0  
0  
0  
0  
0  
0  
0  
0  
0  
0  
0  
0  
0  
0  
0  
0  
0  
0  
0  
0  
0  
0  
0  
0  
0  
0  
0  
0  
0  
0  
0  
0  
0  
0  
0  
0  
0  
0  
0  
0  
0  
0  
0  
0  
0  
0  
0  
0  
0  
0  
0  
0  
0  
0  
0  
0  
0  
0  
0  
0  
0  
0  
0  
0  
2 T 1270275508.892000 R 
0  
0  
0  
0  
0  
0  
0  
0  
0  
0  
0  
0  
0  
0  
0  
0  
0  
0  
0  
0  
0  
0  
0  
0  
0  
0  
0  
0  
0  
0  
0  
0  
0  
0  
0  
0  
0  
0  
0  
0  
0  
0  
0  
0  
0  
0  
0  
0  
0  
0  
0  
0  
0  
0  
0  
0  
0  
0  
0  
0  
0  
0  
0  
0  
0  
0  
0  
0  
0  
0  
0  
0  
0  
0  
0  
0  
0  
0  
0  
0  
0  
0  
0  
0  
0  
0  
0  
0  
0  
0  
0  
0  
0  
0  
0  
0  
0  
0  
0  
2 T 1270275510.492000 R 
0  
0  
0  
0  
0  
0  
0  
0  
0  
0  
0  
0  
0  
0  
0  
0  
0  
0  
0  
0  
0  
0  
0  
0  
0  
0  
0  
0  
0  
0  
0  
0  
0  
0  
0  
0  
0  
0  
0  
0  
0  
0  
0  
0  
0  
0  
0  
0  
0  
0  
0  
0  
0  
0  
0  
0  
0  
0  
0  
0  
0  
0  
0  
0  
0  
0  
0  
0  
0  
0  
0  
0  
0  
0  
0  
0  
0  
0  
0  
0  
0  
0  
0  
0  
0  
0  
0  
0  
0  
0  
0  
0  
0  
0  
0  
0  
0  
0  
0  
2 T 1270275512.092000 R 
0  
0  
0  
0  
0  
0  
0  
0  
0  
0  
0  
0  
0  
0  
0  
0  
0  
0  
0  
0  
0  
0  
0  
0  
0  
0  
0  
0  
0  
0  
0  
0  
0  
0  
0  
0  
0  
0  
0  
0  
0  
0  
0  
0  
0  
0  
0  
0  
0  
0  
0  
0  
0  
0  
0  
0  
0  
0  
0  
0  
0  
0  
0  
0  
0  
0  
0  
0  
0  
0  
0  
0  
0  
0  
0  
0  
0  
0  
0  
0  
0  
0  
0  
0  
0  
0  
0  
0  
0  
0  
0  
0  
0  
0  
0  
0  
0  
0  
0  
2 T 1270275513.692000 R 
0  
0  
0  
0  
0  
0  
0  
0  
0  
0  
0  
0  
0  
0  
0  
0  
0  
0  
0  
0  
0  
0  
0  
0  
0  
0  
0  
0  
0  
0  
0  
0  
0  
0  
0  
0  
0  
0  
0  
0  
0  
0  
0  
0  
0  
0  
0  
0  
0  
0  
0  
0  
0  
0  
0  
0  
0  
0  
0  
0  
0  
0  
0  
0  
0  
0  
0  
0  
0  
0  
0  
0  
0  
0  
0  
0  
0  
0  
0  
0  
0  
0  
0  
0  
0  
0  
0  
0  
0  
0  
0  
0  
0  
0  
0  
0  
0  
0  
0  
2 T 1270275515.292000 R 
0  
0  
0  
0  
0  
0  
0  
0  
0  
0  
0  
0  
0  
0  
0  
0  
0  
0  
0  
0  
0  
0  
0  
0  
0  
0  
0  
0  
0  
0  
0  
0  
0  
0  
0  
0  
0  
0  
0  
0  
0  
0  
0  
0  
0  
0  
0  
0  
0  
0  
0  
0  
0  
0  
0  
0  
0  
0  
0  
0  
0  
0  
0  
0  
0  
0  
0  
0  
0  
0  
0  
0  
0  
0  
0  
0  
0  
0  
0  
0  
0  
0  
0  
0  
0  
0  
0  
0  
0  
0  
0  
0  
0  
0  
0  
0  
0  
0  
0  
2 T 1270275516.892000 R 
0  
0  
0  
0  
0  
0  
0  
0  
0  
0  
0  
0  
0  
0  
0  
0  
0  
0  
0  
0  
0  
0  
0  
0  
0  
0  
0  
0  
0  
0  
0  
0  
0  
0  
0  
0  
0  
0  
0  
0  
0  
0  
0  
0  
0  
0  
0  
0  
0  
0  
0  
0  
0  
0  
0  
0  
0  
0  
0  
0  
0  
0  
0  
0  
0  
0  
0  
0  
0  
0  
0  
0  
0  
0  
0  
0  
0  
0  
0  
0  
0  
0  
0  
0  
0  
0  
0  
0  
0  
0  
0  
0  
0  
0  
0  
0  
0  
0  
0  
2 T 1270275518.492000 R 
0  
0  
0  
0  
0  
0  
0  
0  
0  
0  
0  
0  
0  
0  
0  
0  
0  
0  
0  
0  
0  
0  
0  
0  
0  
0  
0  
0  
0  
0  
0  
0  
0  
0  
0  
0  
0  
0  
0  
0  
0  
0  
0  
0  
0  
0  
0  
0  
0  
0  
0  
0  
0  
0  
0  
0  
0  
0  
0  
0  
0  
0  
0  
0  
0  
0  
0  
0  
0  
0  
0  
0  
0  
0  
0  
0  
0  
0  
0  
0  
0  
0  
0  
0  
0  
0  
0  
0  
0  
0  
0  
0  
0  
0  
0  
0  
0  
0  
0  
2 T 1270275520.092000 R 
0  
0  
0  
0  
0  
0  
0  
0  
0  
0  
0  
0  
0  
0  
0  
0  
0  
0  
0  
0  
0  
0  
0  
0  
0  
0  
0  
0  
0  
0  
0  
0  
0  
0  
0  
0  
0  
0  
0  
0  
0  
0  
0  
0  
0  
0  
0  
0  
0  
0  
0  
0  
0  
0  
0  
0  
0  
0  
0  
0  
0  
0  
0  
0  
0  
0  
0  
0  
0  
0  
0  
0  
0  
0  
0  
0  
0  
0  
0  
0  
0  
0  
0  
0  
0  
0  
0  
0  
0  
0  
0  
0  
0  
0  
0  
0  
0  
0  
0  
2 T 1270275521.692000 R 
0  
0  
0  
0  
0  
0  
0  
0  
0  
0  
0  
0  
0  
0  
0  
0  
0  
0  
0  
0  
0  
0  
0  
0  
0  
0  
0  
0  
0  
0  
0  
0  
0  
0  
0  
0  
0  
0  
0  
0  
0  
0  
0  
0  
0  
0  
0  
0  
0  
0  
0  
0  
0  
0  
0  
0  
0  
0  
0  
0  
0  
0  
0  
0  
0  
0  
0  
0  
0  
0  
0  
0  
0  
0  
0  
0  
0  
0  
0  
0  
0  
0  
0  
0  
0  
0  
0  
0  
0  
0  
0  
0  
0  
0  
0  
0  
0  
0  
0  
2 T 1270275523.316000 R 
0  
1  mm 1843 109
1  mm 1842 111
1  mm 1839 117
1  mm 1834 126
1  mm 1825 140
2  mm 1813 155 mm 1811 158
1  mm 1795 176
1  mm 1775 198
2  mm 1755 219 mm 1752 222
1  mm 1728 245
1  mm 1693 279
1  mm 1658 312
1  mm 1622 347
1  mm 1587 381
1  mm 1553 414
0  
0  
0  
0  
0  
0  
0  
0  
0  
0  
0  
0  
0  
0  
0  
0  
0  
0  
0  
0  
0  
0  
0  
0  
0  
0  
0  
0  
0  
0  
0  
0  
0  
0  
0  
0  
0  
0  
0  
0  
0  
0  
0  
0  
0  
0  
0  
0  
0  
0  
0  
0  
0  
0  
0  
0  
0  
0  
0  
0  
0  
0  
0  
0  
0  
0  
0  
0  
0  
0  
0  
0  
0  
0  
0  
0  
0  
0  
0  
0  
0  
0  
0  
2 T 1270275524.916000 R 
0  
0  
0  
0  
0  
0  
0  
0  
0  
0  
0  
0  
0  
0  
0  
0  
0  
0  
0  
0  
0  
0  
0  
0  
0  
0  
0  
0  
0  
0  
0  
0  
0  
0  
0  
0  
0  
0  
0  
0  
0  
0  
0  
0  
0  
0  
0  
0  
0  
0  
0  
0  
0  
0  
0  
0  
0  
0  
0  
0  
0  
0  
0  
0  
0  
0  
0  
0  
0  
0  
0  
0  
0  
0  
0  
0  
0  
0  
0  
0  
0  
0  
0  
0  
0  
0  
0  
0  
0  
0  
0  
0  
0  
0  
0  
0  
0  
0  
0  
2 T 1270275526.518000 R 
0  
0  
0  
0  
0  
0  
0  
0  
0  
0  
0  
0  
0  
0  
0  
0  
0  
0  
0  
0  
0  
0  
0  
0  
0  
0  
0  
0  
0  
0  
0  
0  
0  
0  
0  
0  
0  
0  
0  
0  
0  
0  
0  
0  
0  
0  
0  
0  
0  
0  
0  
0  
0  
0  
0  
0  
0  
0  
0  
0  
0  
0  
0  
0  
0  
0  
0  
0  
0  
0  
0  
0  
0  
0  
0  
0  
0  
0  
0  
0  
0  
0  
0  
0  
0  
0  
0  
0  
0  
0  
0  
0  
0  
0  
0  
0  
0  
0  
0  
2 T 1270275528.117000 R 
0  
0  
0  
0  
0  
0  
0  
0  
0  
0  
0  
0  
0  
0  
0  
0  
0  
0  
0  
0  
0  
0  
0  
0  
0  
0  
0  
0  
0  
0  
0  
0  
0  
0  
0  
0  
0  
0  
0  
0  
0  
0  
0  
0  
0  
0  
0  
0  
0  
0  
0  
0  
0  
0  
0  
0  
0  
0  
0  
0  
0  
0  
0  
0  
0  
0  
0  
0  
0  
0  
0  
0  
0  
0  
0  
0  
0  
0  
0  
0  
0  
0  
0  
0  
0  
0  
0  
0  
0  
0  
0  
0  
0  
0  
0  
0  
0  
0  
0  
2 T 1270275529.717000 R 
0  
0  
0  
0  
0  
0  
0  
0  
0  
0  
0  
0  
0  
0  
0  
0  
0  
0  
0  
0  
0  
0  
0  
0  
0  
0  
0  
0  
0  
0  
0  
0  
0  
0  
0  
0  
0  
0  
0  
0  
0  
0  
0  
0  
0  
0  
0  
0  
0  
0  
0  
0  
0  
0  
0  
0  
0  
0  
0  
0  
0  
0  
0  
0  
0  
0  
0  
0  
0  
0  
0  
0  
0  
0  
0  
1  mm 1332 98
1  mm 1417 96
2  mm 1491 96 mm 1499 96
1  mm 1554 99
1  mm 1605 105
0  
0  
0  
0  
0  
0  
0  
0  
0  
0  
0  
0  
0  
0  
0  
0  
0  
0  
0  
2 T 1270275531.318000 R 
0  
0  
0  
0  
0  
0  
0  
0  
0  
0  
0  
0  
0  
0  
0  
0  
0  
0  
0  
0  
0  
0  
0  
0  
0  
0  
0  
0  
1  mm 1854 119
0  
0  
1  mm 1852 123
1  mm 1848 128
1  mm 1844 134
1  mm 1838 144
1  mm 1829 157
1  mm 1818 171
1  mm 1803 190
1  mm 1784 210
1  mm 1762 233
1  mm 1736 257
1  mm 1707 283
1  mm 1676 309
1  mm 1642 335
1  mm 1605 361
1  mm 1569 387
0  
0  
0  
0  
0  
0  
0  
0  
0  
0  
0  
0  
0  
0  
0  
0  
0  
0  
0  
0  
0  
0  
0  
0  
0  
0  
0  
0  
0  
0  
0  
0  
0  
0  
0  
0  
0  
0  
0  
0  
0  
0  
0  
0  
0  
0  
0  
0  
0  
0  
0  
0  
0  
2 T 1270275532.918000 R 
0  
0  
0  
0  
0  
0  
0  
0  
0  
0  
0  
0  
0  
0  
0  
0  
0  
0  
0  
0  
0  
0  
0  
0  
0  
0  
0  
0  
0  
0  
0  
0  
0  
0  
0  
0  
0  
0  
0  
0  
0  
0  
0  
0  
0  
0  
0  
0  
0  
0  
0  
0  
0  
0  
0  
0  
0  
0  
0  
0  
0  
0  
0  
0  
0  
0  
0  
0  
0  
0  
0  
0  
0  
0  
0  
0  
0  
0  
0  
0  
0  
0  
0  
0  
0  
0  
0  
0  
0  
0  
0  
0  
0  
0  
0  
0  
0  
0  
0  
2 T 1270275534.518000 R 
0  
0  
0  
0  
0  
0  
0  
0  
0  
0  
0  
0  
0  
0  
0  
0  
0  
0  
0  
0  
0  
0  
0  
0  
0  
0  
0  
0  
0  
0  
0  
0  
0  
0  
0  
0  
0  
0  
0  
0  
0  
0  
0  
0  
0  
0  
0  
0  
0  
0  
0  
0  
0  
0  
0  
0  
0  
0  
0  
0  
0  
0  
0  
0  
0  
0  
0  
0  
0  
0  
0  
0  
0  
0  
0  
0  
0  
0  
0  
0  
0  
0  
0  
0  
0  
0  
0  
0  
0  
0  
0  
0  
0  
0  
0  
0  
0  
0  
0  
2 T 1270275536.118000 R 
0  
0  
0  
0  
0  
0  
0  
0  
0  
0  
0  
0  
0  
0  
0  
0  
0  
0  
0  
0  
0  
0  
0  
0  
0  
0  
0  
0  
0  
0  
0  
0  
0  
0  
0  
0  
0  
0  
0  
0  
0  
0  
0  
0  
0  
0  
0  
0  
0  
0  
0  
0  
0  
0  
0  
0  
0  
0  
0  
0  
0  
0  
0  
0  
0  
0  
0  
0  
0  
0  
0  
0  
0  
0  
0  
0  
0  
0  
0  
0  
0  
0  
0  
0  
0  
0  
0  
0  
0  
0  
0  
0  
0  
0  
0  
0  
0  
0  
0  
2 T 1270275537.718000 R 
0  
0  
0  
0  
0  
0  
0  
0  
0  
0  
0  
0  
0  
0  
0  
0  
0  
0  
0  
0  
0  
0  
0  
0  
0  
0  
0  
0  
0  
0  
0  
0  
0  
0  
0  
0  
0  
0  
0  
0  
0  
0  
0  
0  
0  
0  
0  
0  
0  
0  
0  
0  
0  
0  
0  
0  
0  
0  
0  
0  
0  
0  
0  
0  
0  
0  
0  
0  
0  
0  
0  
0  
0  
0  
0  
0  
0  
0  
0  
0  
0  
0  
0  
0  
0  
0  
0  
0  
0  
0  
0  
0  
0  
0  
0  
0  
0  
0  
0  
2 T 1270275539.318000 R 
0  
0  
0  
0  
0  
0  
0  
0  
0  
0  
0  
0  
0  
0  
0  
0  
0  
0  
0  
0  
0  
0  
0  
0  
0  
0  
0  
0  
0  
0  
0  
0  
0  
0  
0  
0  
0  
0  
0  
0  
0  
0  
0  
0  
0  
0  
0  
0  
0  
0  
0  
0  
0  
0  
0  
0  
0  
0  
0  
0  
0  
0  
0  
0  
0  
0  
0  
0  
0  
0  
0  
0  
0  
0  
0  
0  
0  
0  
0  
0  
0  
0  
0  
0  
0  
0  
0  
0  
0  
0  
0  
0  
0  
0  
0  
0  
0  
0  
0  
2 T 1270275540.918000 R 
0  
0  
0  
0  
0  
0  
0  
0  
0  
0  
0  
0  
0  
0  
0  
0  
0  
0  
0  
0  
1  mm 1369 95
1  mm 1382 86
1  mm 1396 78
1  mm 1412 71
1  mm 1426 66
1  mm 1443 59
1  mm 1460 52
1  mm 1474 45
1  mm 1494 34
1  mm 1520 23
1  mm 1555 17
1  mm 1599 14
1  mm 1653 14
1  mm 1706 19
1  mm 1750 31
1  mm 1786 50
1  mm 1815 70
1  mm 1834 88
2  mm 1846 99 mm 1847 100
1  mm 1853 105
0  
0  
0  
0  
0  
0  
0  
0  
0  
0  
0  
0  
0  
0  
0  
0  
0  
0  
0  
0  
1  mm 1862 107
1  mm 1859 109
1  mm 1850 118
1  mm 1832 136
1  mm 1805 160
1  mm 1768 187
1  mm 1723 217
1  mm 1670 247
1  mm 1612 275
1  mm 1552 302
0  
0  
0  
0  
0  
0  
0  
0  
0  
0  
0  
0  
0  
0  
0  
0  
0  
0  
0  
0  
0  
0  
0  
0  
0  
0  
0  
0  
0  
2 T 1270275542.518000 R 
0  
0  
0  
0  
0  
0  
0  
0  
0  
0  
0  
0  
0  
0  
0  
0  
0  
0  
0  
0  
0  
0  
0  
0  
0  
0  
0  
0  
0  
0  
0  
0  
0  
0  
0  
0  
0  
0  
0  
0  
0  
0  
0  
0  
0  
0  
0  
0  
0  
0  
0  
0  
0  
0  
0  
0  
0  
0  
0  
0  
0  
0  
0  
0  
0  
0  
0  
0  
0  
0  
0  
0  
0  
0  
0  
0  
0  
0  
0  
0  
0  
0  
0  
0  
0  
0  
0  
0  
0  
0  
0  
0  
0  
0  
0  
0  
0  
0  
0  
2 T 1270275544.119000 R 
0  
0  
0  
0  
0  
0  
0  
0  
0  
0  
0  
0  
0  
0  
0  
0  
0  
0  
0  
0  
0  
0  
0  
0  
0  
0  
0  
0  
0  
0  
0  
0  
0  
0  
0  
0  
0  
0  
0  
0  
0  
0  
0  
0  
0  
0  
0  
0  
0  
0  
0  
0  
0  
0  
0  
0  
0  
0  
0  
0  
0  
0  
0  
0  
0  
0  
0  
0  
0  
0  
0  
0  
0  
0  
0  
0  
0  
0  
0  
0  
0  
0  
0  
0  
0  
0  
0  
0  
0  
0  
0  
0  
0  
0  
0  
0  
0  
0  
0  
2 T 1270275545.718000 R 
0  
0  
0  
0  
0  
0  
0  
0  
0  
0  
0  
0  
0  
0  
0  
0  
0  
0  
0  
0  
0  
0  
0  
0  
0  
0  
0  
0  
0  
0  
0  
0  
0  
0  
0  
0  
0  
0  
0  
0  
0  
0  
0  
0  
0  
0  
0  
0  
0  
0  
0  
0  
0  
0  
0  
0  
0  
0  
0  
0  
0  
0  
0  
0  
0  
0  
0  
0  
0  
0  
0  
0  
0  
0  
0  
0  
0  
0  
0  
0  
0  
0  
0  
0  
0  
0  
0  
0  
0  
0  
0  
0  
0  
0  
0  
0  
0  
0  
0  
2 T 1270275547.318000 R 
0  
0  
0  
0  
0  
0  
0  
0  
0  
0  
0  
0  
0  
0  
0  
0  
0  
0  
0  
0  
0  
0  
0  
0  
0  
0  
0  
0  
0  
0  
0  
0  
0  
0  
0  
0  
0  
0  
0  
0  
0  
0  
0  
0  
0  
0  
0  
0  
0  
0  
0  
0  
0  
0  
0  
0  
0  
0  
0  
0  
0  
0  
0  
0  
0  
0  
0  
0  
0  
0  
0  
0  
0  
0  
0  
0  
0  
0  
0  
0  
0  
0  
0  
0  
0  
0  
0  
0  
0  
0  
0  
0  
0  
0  
0  
0  
0  
0  
0  
2 T 1270275548.918000 R 
0  
0  
0  
0  
0  
0  
0  
0  
0  
0  
0  
0  
0  
0  
0  
0  
0  
0  
0  
0  
0  
0  
0  
0  
0  
0  
0  
0  
0  
0  
0  
0  
0  
0  
0  
0  
0  
0  
0  
0  
0  
0  
0  
0  
0  
0  
0  
0  
0  
0  
0  
0  
0  
0  
0  
0  
0  
0  
0  
0  
0  
0  
0  
0  
0  
0  
0  
0  
0  
0  
0  
0  
0  
0  
0  
0  
0  
0  
0  
0  
0  
0  
0  
0  
0  
0  
0  
0  
0  
0  
0  
0  
0  
0  
0  
0  
0  
0  
0  
2 T 1270275550.518000 R 
0  
0  
0  
0  
0  
0  
0  
0  
0  
0  
0  
0  
0  
0  
0  
0  
1  mm 939 948
1  mm 915 983
1  mm 893 1013
1  mm 874 1037
1  mm 858 1055
0  
0  
0  
0  
0  
0  
0  
0  
0  
0  
0  
0  
0  
0  
0  
0  
0  
0  
0  
0  
0  
0  
0  
0  
0  
0  
0  
0  
0  
0  
0  
0  
0  
0  
1  mm 718 1067
0  
0  
1  mm 717 1067
0  
0  
0  
0  
0  
0  
0  
0  
0  
0  
0  
0  
0  
0  
0  
0  
0  
0  
0  
0  
0  
0  
0  
0  
0  
0  
0  
0  
0  
0  
0  
0  
0  
0  
0  
0  
0  
0  
0  
0  
2 T 1270275552.143000 R 
0  
1  sd 117 717 1067
0  
0  
0  
0  
1  su 117 717 1067
0  
0  
1  mm 718 1065
1  mm 723 1054
1  mm 735 1035
1  mm 752 1011
1  mm 774 984
1  mm 800 955
1  mm 830 924
0  
0  
0  
0  
0  
0  
0  
0  
0  
0  
0  
0  
0  
0  
0  
0  
0  
0  
0  
0  
0  
0  
0  
0  
0  
0  
0  
0  
0  
0  
0  
0  
0  
0  
0  
0  
0  
0  
0  
0  
0  
0  
0  
0  
0  
0  
0  
0  
0  
0  
0  
0  
0  
0  
0  
0  
0  
0  
0  
0  
0  
0  
0  
0  
0  
0  
0  
0  
0  
0  
0  
0  
0  
0  
0  
0  
0  
0  
0  
0  
0  
0  
0  
2 T 1270275553.802000 R 
0  
0  
0  
0  
0  
0  
0  
0  
0  
0  
0  
0  
0  
0  
0  
0  
0  
0  
0  
0  
0  
0  
0  
0  
0  
0  
0  
0  
0  
0  
0  
0  
0  
0  
0  
0  
0  
0  
0  
0  
0  
0  
0  
0  
0  
0  
0  
0  
0  
0  
0  
0  
0  
0  
0  
0  
0  
0  
0  
0  
0  
0  
0  
0  
0  
0  
0  
0  
0  
0  
0  
0  
0  
0  
0  
0  
1  mm 847 939
1  mm 824 958
1  mm 802 976
1  mm 781 991
1  mm 761 1006
1  mm 748 1014
1  mm 735 1023
1  mm 724 1031
1  mm 717 1036
1  mm 711 1041
0  
0  
0  
0  
0  
0  
0  
0  
0  
0  
0  
0  
0  
2 T 1270275555.402000 R 
0  
0  
0  
0  
0  
0  
0  
0  
0  
0  
0  
0  
0  
0  
0  
0  
0  
0  
0  
0  
0  
0  
0  
0  
0  
0  
0  
0  
0  
0  
0  
0  
0  
0  
0  
0  
0  
0  
0  
0  
0  
0  
0  
0  
0  
0  
0  
0  
0  
0  
0  
0  
0  
0  
0  
0  
0  
0  
0  
0  
0  
0  
0  
0  
0  
0  
0  
0  
0  
0  
0  
0  
0  
0  
0  
0  
0  
0  
0  
0  
0  
0  
0  
0  
0  
0  
0  
0  
0  
0  
0  
0  
0  
0  
0  
0  
0  
0  
0  
2 T 1270275557.003000 R 
0  
0  
0  
0  
0  
0  
0  
0  
0  
0  
0  
0  
0  
0  
0  
0  
0  
0  
0  
0  
0  
0  
0  
0  
0  
0  
0  
0  
0  
0  
0  
0  
0  
0  
0  
0  
0  
0  
0  
0  
0  
0  
0  
0  
0  
0  
0  
0  
0  
0  
0  
0  
0  
0  
0  
0  
0  
0  
0  
0  
0  
0  
0  
0  
0  
0  
0  
0  
0  
0  
0  
0  
0  
0  
0  
0  
0  
0  
0  
0  
0  
0  
0  
0  
0  
0  
0  
0  
0  
0  
0  
0  
0  
0  
0  
0  
0  
0  
0  
2 T 1270275558.603000 R 
0  
0  
0  
0  
0  
0  
0  
0  
0  
0  
0  
0  
0  
0  
0  
0  
0  
0  
0  
0  
0  
0  
0  
0  
0  
0  
0  
0  
0  
0  
0  
0  
0  
0  
0  
0  
0  
0  
0  
0  
0  
0  
0  
0  
0  
0  
0  
0  
0  
0  
0  
0  
0  
0  
0  
0  
0  
0  
0  
0  
0  
0  
0  
0  
0  
0  
0  
0  
0  
0  
0  
0  
0  
0  
0  
0  
0  
0  
0  
0  
0  
0  
0  
0  
0  
0  
0  
0  
0  
0  
0  
0  
0  
0  
0  
0  
0  
0  
0  
2 T 1270275560.204000 R 
0  
0  
0  
0  
0  
0  
0  
0  
0  
0  
0  
0  
0  
0  
0  
0  
0  
0  
0  
0  
0  
0  
0  
0  
0  
0  
0  
0  
0  
0  
0  
0  
0  
0  
0  
0  
0  
0  
0  
0  
0  
0  
0  
0  
0  
0  
0  
0  
0  
0  
0  
0  
0  
0  
0  
0  
0  
0  
0  
0  
0  
0  
0  
0  
0  
0  
0  
0  
0  
0  
0  
0  
0  
0  
0  
0  
0  
0  
0  
0  
0  
0  
0  
0  
0  
0  
0  
0  
0  
0  
0  
0  
0  
0  
0  
0  
0  
0  
0  
2 T 1270275561.804000 R 
0  
0  
0  
0  
0  
0  
0  
0  
0  
0  
0  
0  
0  
0  
0  
0  
0  
0  
0  
0  
0  
0  
0  
0  
0  
0  
0  
0  
0  
0  
0  
0  
0  
0  
0  
0  
0  
0  
0  
0  
0  
0  
0  
0  
0  
0  
0  
0  
0  
0  
0  
0  
0  
0  
0  
0  
0  
0  
0  
0  
0  
0  
0  
0  
0  
0  
0  
0  
0  
0  
0  
0  
0  
0  
0  
0  
0  
0  
0  
0  
0  
0  
0  
0  
0  
0  
0  
0  
0  
0  
0  
0  
0  
0  
0  
0  
0  
0  
0  
2 T 1270275563.404000 R 
0  
0  
0  
0  
0  
0  
0  
0  
0  
0  
0  
0  
0  
0  
0  
0  
0  
0  
0  
0  
0  
0  
0  
0  
0  
0  
0  
0  
0  
0  
0  
0  
0  
0  
0  
0  
0  
0  
0  
0  
0  
0  
0  
0  
0  
0  
0  
0  
0  
0  
0  
0  
0  
0  
0  
0  
0  
0  
0  
0  
0  
0  
0  
0  
0  
0  
0  
0  
0  
0  
0  
0  
0  
0  
0  
0  
0  
0  
0  
0  
0  
0  
0  
0  
0  
0  
0  
0  
0  
0  
0  
0  
0  
0  
0  
0  
0  
0  
0  
2 T 1270275565.005000 R 
0  
0  
0  
0  
0  
0  
0  
0  
0  
0  
0  
0  
0  
0  
0  
0  
0  
0  
0  
0  
0  
0  
0  
0  
0  
0  
0  
0  
0  
0  
0  
0  
0  
0  
0  
0  
0  
0  
0  
0  
0  
0  
0  
0  
0  
0  
0  
0  
0  
0  
0  
0  
0  
0  
0  
0  
0  
0  
0  
0  
0  
0  
0  
0  
0  
0  
0  
0  
0  
0  
0  
0  
0  
0  
0  
0  
0  
0  
0  
0  
0  
0  
0  
0  
0  
0  
0  
0  
0  
0  
0  
0  
0  
0  
0  
0  
0  
0  
0  
2 T 1270275566.605000 R 
0  
0  
0  
0  
0  
0  
0  
0  
0  
0  
0  
0  
0  
0  
0  
0  
0  
0  
0  
0  
0  
0  
0  
0  
0  
0  
0  
0  
0  
0  
0  
0  
0  
0  
0  
0  
0  
0  
0  
0  
0  
0  
0  
0  
0  
0  
0  
0  
0  
0  
0  
0  
0  
0  
0  
0  
0  
0  
0  
0  
0  
0  
0  
0  
0  
0  
0  
0  
0  
0  
0  
0  
0  
0  
0  
0  
0  
0  
0  
0  
0  
0  
0  
0  
0  
0  
0  
0  
0  
0  
0  
0  
0  
0  
0  
0  
0  
0  
0  
2 T 1270275568.205000 R 
0  
0  
0  
0  
0  
0  
0  
0  
0  
0  
0  
0  
0  
0  
0  
0  
0  
0  
0  
0  
0  
0  
0  
0  
0  
0  
0  
0  
0  
0  
0  
0  
0  
0  
0  
0  
0  
0  
0  
0  
0  
0  
0  
0  
0  
0  
0  
0  
0  
0  
0  
0  
0  
0  
0  
0  
0  
0  
0  
0  
0  
0  
0  
0  
0  
0  
0  
0  
0  
0  
0  
0  
0  
0  
0  
0  
0  
0  
0  
0  
0  
0  
0  
0  
0  
0  
0  
0  
0  
0  
0  
0  
0  
0  
0  
0  
0  
0  
0  
2 T 1270275569.807000 R 
0  
0  
0  
0  
0  
0  
0  
0  
0  
0  
0  
0  
0  
0  
0  
0  
0  
0  
0  
0  
0  
0  
0  
0  
0  
0  
0  
0  
0  
0  
0  
0  
0  
0  
0  
0  
0  
0  
0  
0  
0  
0  
0  
0  
0  
0  
0  
0  
0  
0  
0  
0  
0  
0  
0  
0  
0  
0  
0  
0  
0  
0  
0  
0  
0  
0  
0  
0  
0  
0  
0  
0  
0  
0  
0  
0  
0  
0  
0  
0  
0  
0  
0  
0  
0  
0  
0  
0  
0  
0  
0  
0  
0  
0  
0  
0  
0  
0  
0  
2 T 1270275571.406000 R 
0  
0  
0  
0  
0  
0  
0  
0  
0  
0  
0  
0  
0  
0  
0  
0  
0  
0  
0  
0  
0  
0  
0  
0  
0  
0  
0  
0  
0  
0  
0  
0  
0  
0  
0  
0  
0  
0  
0  
0  
0  
0  
0  
0  
0  
0  
0  
0  
0  
0  
0  
0  
0  
0  
0  
0  
0  
0  
0  
0  
0  
0  
0  
0  
0  
0  
0  
0  
0  
0  
0  
0  
0  
0  
0  
0  
0  
0  
0  
0  
0  
0  
0  
0  
0  
0  
0  
0  
0  
0  
0  
0  
0  
0  
0  
0  
0  
0  
0  
2 T 1270275573.006000 R 
0  
0  
0  
0  
0  
0  
0  
0  
0  
0  
0  
0  
0  
0  
0  
0  
0  
0  
0  
0  
0  
0  
0  
0  
0  
0  
0  
0  
0  
0  
0  
0  
0  
0  
0  
0  
0  
0  
0  
0  
0  
0  
0  
0  
0  
0  
0  
0  
0  
0  
0  
0  
0  
0  
0  
0  
0  
0  
0  
0  
0  
0  
0  
0  
0  
0  
0  
0  
0  
0  
0  
0  
0  
0  
0  
0  
0  
0  
0  
0  
0  
0  
0  
0  
0  
0  
0  
0  
0  
0  
0  
0  
0  
0  
0  
0  
0  
0  
0  
2 T 1270275574.606000 R 
0  
0  
0  
0  
0  
0  
0  
0  
0  
0  
0  
0  
0  
0  
0  
0  
0  
0  
0  
0  
0  
0  
0  
0  
0  
0  
0  
0  
0  
0  
0  
0  
0  
0  
0  
0  
0  
0  
0  
0  
0  
0  
0  
0  
0  
0  
0  
0  
0  
0  
0  
0  
0  
0  
0  
0  
0  
0  
0  
0  
0  
0  
0  
0  
0  
0  
0  
0  
0  
0  
0  
0  
0  
0  
0  
0  
0  
0  
0  
0  
0  
0  
0  
0  
0  
0  
0  
0  
0  
0  
0  
0  
0  
0  
0  
0  
0  
0  
0  
2 T 1270275576.207000 R 
0  
0  
0  
0  
0  
0  
0  
0  
0  
0  
0  
0  
0  
0  
0  
0  
0  
0  
0  
0  
0  
0  
0  
0  
0  
0  
0  
0  
0  
0  
0  
0  
0  
0  
0  
0  
0  
0  
0  
0  
0  
0  
0  
0  
0  
0  
0  
0  
0  
0  
0  
0  
0  
0  
0  
0  
0  
0  
0  
0  
0  
0  
0  
0  
0  
0  
0  
0  
0  
0  
0  
0  
0  
0  
0  
0  
0  
0  
0  
0  
0  
0  
0  
0  
0  
0  
0  
0  
0  
0  
0  
0  
0  
0  
0  
0  
0  
0  
0  
2 T 1270275577.806000 R 
0  
0  
0  
0  
0  
0  
0  
0  
0  
0  
0  
0  
0  
0  
0  
0  
0  
0  
0  
0  
0  
0  
0  
0  
0  
0  
0  
0  
0  
0  
0  
0  
0  
0  
0  
0  
0  
0  
0  
0  
0  
0  
0  
0  
0  
0  
0  
0  
0  
0  
0  
0  
0  
0  
0  
0  
0  
0  
0  
0  
0  
0  
0  
0  
0  
0  
0  
0  
0  
0  
0  
0  
0  
0  
0  
0  
0  
0  
0  
0  
0  
0  
0  
0  
0  
0  
0  
0  
0  
0  
0  
0  
0  
0  
0  
0  
0  
0  
0  
2 T 1270275579.407000 R 
0  
0  
0  
0  
0  
0  
0  
0  
0  
0  
0  
0  
0  
0  
0  
0  
0  
0  
0  
0  
0  
0  
0  
0  
0  
0  
0  
0  
0  
0  
0  
0  
0  
0  
0  
0  
0  
0  
0  
0  
0  
0  
0  
0  
0  
0  
0  
0  
0  
0  
0  
0  
0  
0  
0  
0  
0  
0  
0  
0  
0  
0  
0  
0  
0  
0  
0  
0  
0  
0  
0  
0  
0  
0  
0  
0  
0  
0  
0  
0  
0  
0  
0  
0  
0  
0  
0  
0  
0  
0  
0  
0  
0  
0  
0  
0  
0  
0  
0  
2 T 1270275581.006000 R 
0  
0  
0  
0  
0  
0  
0  
0  
0  
0  
0  
0  
0  
0  
0  
0  
0  
0  
0  
0  
0  
0  
0  
0  
0  
0  
0  
0  
0  
0  
0  
0  
0  
0  
0  
0  
0  
0  
0  
0  
0  
0  
0  
0  
0  
0  
0  
0  
0  
0  
0  
0  
0  
0  
0  
0  
0  
0  
0  
0  
0  
0  
0  
0  
0  
0  
0  
0  
0  
0  
0  
0  
0  
0  
0  
0  
0  
0  
0  
0  
0  
0  
0  
0  
0  
0  
0  
0  
0  
0  
0  
0  
0  
0  
0  
0  
0  
0  
0  
2 T 1270275582.607000 R 
0  
0  
0  
0  
0  
0  
0  
0  
0  
0  
0  
0  
0  
0  
0  
0  
0  
0  
0  
0  
0  
0  
0  
0  
0  
0  
0  
0  
0  
0  
0  
0  
0  
0  
0  
0  
0  
0  
0  
0  
0  
0  
0  
0  
0  
0  
0  
0  
0  
0  
0  
0  
0  
0  
0  
0  
0  
0  
0  
0  
0  
0  
0  
0  
0  
0  
0  
0  
0  
0  
0  
0  
0  
0  
0  
0  
0  
0  
0  
0  
0  
0  
0  
0  
0  
0  
0  
0  
0  
0  
0  
0  
0  
0  
0  
0  
0  
0  
0  
2 T 1270275584.208000 R 
0  
0  
0  
0  
0  
0  
0  
0  
0  
0  
0  
0  
0  
0  
0  
0  
0  
0  
0  
0  
0  
0  
0  
0  
0  
0  
0  
0  
0  
0  
0  
0  
0  
0  
0  
0  
0  
0  
0  
0  
0  
0  
0  
0  
0  
0  
0  
0  
0  
0  
0  
0  
0  
0  
0  
0  
0  
0  
0  
0  
0  
0  
0  
0  
0  
0  
0  
0  
0  
0  
0  
0  
0  
0  
0  
0  
0  
0  
0  
0  
0  
0  
0  
0  
0  
0  
0  
0  
0  
0  
0  
0  
0  
0  
0  
0  
0  
0  
0  
2 T 1270275585.808000 R 
0  
0  
0  
0  
0  
0  
0  
0  
0  
0  
0  
0  
0  
0  
0  
0  
0  
0  
0  
0  
0  
0  
0  
0  
0  
0  
0  
0  
0  
0  
0  
0  
0  
0  
0  
0  
0  
0  
0  
0  
0  
0  
0  
0  
0  
0  
0  
0  
0  
0  
0  
0  
0  
0  
0  
0  
0  
0  
0  
0  
0  
0  
0  
0  
0  
0  
0  
0  
0  
0  
0  
0  
0  
0  
0  
0  
0  
0  
0  
0  
0  
0  
0  
0  
0  
0  
0  
0  
0  
0  
0  
0  
0  
0  
0  
0  
0  
0  
0  
2 T 1270275587.408000 R 
0  
0  
0  
0  
0  
0  
0  
0  
0  
0  
0  
0  
0  
0  
0  
0  
0  
0  
0  
0  
0  
0  
0  
0  
0  
0  
0  
0  
0  
0  
0  
0  
0  
0  
0  
0  
0  
0  
0  
0  
0  
0  
0  
0  
0  
0  
0  
0  
0  
0  
0  
0  
0  
0  
0  
0  
0  
0  
0  
0  
0  
0  
0  
0  
0  
0  
0  
0  
0  
0  
0  
0  
0  
1  mm 1055 930
1  mm 1063 943
1  mm 1070 956
1  mm 1076 970
1  mm 1082 984
1  mm 1087 996
1  mm 1091 1011
1  mm 1094 1024
1  mm 1095 1036
1  mm 1095 1047
0  
0  
0  
0  
0  
0  
0  
0  
0  
0  
0  
0  
0  
0  
0  
0  
2 T 1270275589.008000 R 
0  
0  
0  
0  
0  
0  
0  
0  
0  
0  
0  
0  
0  
0  
0  
0  
0  
0  
0  
0  
0  
0  
0  
0  
0  
0  
0  
0  
0  
0  
0  
0  
0  
0  
0  
0  
0  
0  
0  
0  
0  
0  
0  
0  
0  
0  
0  
0  
0  
0  
0  
0  
0  
0  
0  
0  
0  
0  
0  
0  
0  
0  
0  
0  
0  
0  
0  
0  
0  
0  
0  
0  
0  
0  
0  
0  
0  
0  
0  
0  
0  
0  
0  
0  
0  
0  
0  
0  
0  
0  
0  
0  
0  
0  
0  
0  
0  
0  
0  
2 T 1270275590.608000 R 
0  
0  
0  
0  
0  
0  
0  
0  
0  
0  
0  
0  
0  
0  
0  
0  
0  
0  
0  
0  
0  
0  
0  
0  
0  
0  
0  
0  
0  
0  
0  
0  
0  
0  
0  
0  
0  
0  
0  
0  
0  
0  
0  
0  
0  
0  
0  
0  
0  
0  
0  
0  
0  
0  
0  
0  
0  
0  
0  
0  
0  
0  
0  
0  
0  
0  
0  
0  
0  
0  
0  
0  
0  
0  
0  
0  
0  
1  mm 1447 968
0  
0  
0  
0  
0  
1  mm 1446 967
1  mm 1441 961
1  mm 1432 950
1  mm 1422 934
1  mm 1406 908
0  
0  
0  
0  
0  
0  
0  
0  
0  
0  
0  
2 T 1270275592.208000 R 
0  
0  
0  
0  
0  
0  
0  
0  
0  
0  
0  
0  
0  
0  
0  
0  
0  
0  
0  
0  
0  
0  
0  
0  
0  
0  
0  
0  
0  
0  
0  
0  
0  
0  
0  
0  
0  
0  
0  
0  
0  
0  
0  
0  
0  
0  
0  
0  
0  
0  
0  
0  
0  
0  
0  
0  
0  
0  
0  
0  
0  
0  
0  
0  
0  
0  
0  
0  
0  
0  
0  
0  
0  
0  
0  
0  
0  
0  
0  
0  
0  
0  
0  
0  
0  
0  
0  
0  
0  
0  
0  
0  
0  
0  
0  
0  
0  
0  
0  
2 T 1270275593.807000 R 
0  
0  
0  
0  
0  
0  
0  
0  
0  
0  
0  
0  
0  
0  
0  
0  
0  
0  
0  
0  
0  
0  
0  
0  
0  
0  
0  
0  
0  
0  
0  
0  
0  
0  
0  
0  
0  
0  
0  
0  
0  
0  
0  
0  
0  
0  
0  
0  
0  
0  
0  
0  
0  
0  
0  
0  
0  
0  
0  
0  
0  
0  
0  
0  
0  
0  
0  
0  
0  
0  
0  
0  
0  
0  
0  
0  
0  
0  
0  
0  
0  
0  
0  
0  
0  
0  
0  
0  
0  
0  
0  
0  
0  
0  
0  
0  
0  
0  
0  
2 T 1270275595.408000 R 
0  
0  
0  
0  
0  
0  
0  
0  
0  
0  
0  
0  
0  
0  
0  
0  
0  
0  
0  
0  
0  
0  
0  
0  
0  
0  
0  
0  
0  
0  
0  
0  
0  
0  
0  
0  
0  
0  
0  
0  
0  
0  
0  
0  
0  
0  
0  
0  
0  
0  
0  
0  
0  
0  
0  
0  
0  
0  
0  
0  
0  
0  
0  
0  
0  
0  
0  
0  
0  
0  
0  
0  
0  
0  
0  
0  
0  
0  
0  
0  
0  
0  
0  
0  
0  
0  
0  
0  
0  
0  
0  
0  
0  
0  
0  
0  
0  
0  
0  
2 T 1270275597.009000 R 
0  
0  
0  
0  
0  
0  
0  
0  
0  
0  
0  
0  
0  
0  
0  
0  
0  
0  
0  
0  
0  
0  
0  
0  
0  
0  
0  
0  
0  
0  
0  
0  
0  
0  
0  
0  
0  
0  
0  
0  
0  
0  
0  
0  
0  
0  
0  
0  
0  
0  
0  
0  
0  
0  
0  
0  
0  
0  
0  
0  
0  
0  
0  
0  
0  
0  
0  
0  
0  
0  
0  
0  
0  
0  
0  
0  
0  
0  
0  
0  
0  
0  
0  
0  
0  
0  
0  
0  
0  
0  
0  
0  
0  
0  
0  
0  
0  
0  
0  
2 T 1270275598.608000 R 
0  
0  
0  
0  
0  
0  
0  
0  
0  
0  
0  
0  
0  
0  
0  
0  
0  
0  
0  
0  
0  
0  
0  
0  
0  
0  
0  
0  
0  
0  
0  
0  
0  
0  
0  
0  
0  
0  
0  
0  
0  
0  
0  
0  
0  
0  
0  
0  
0  
0  
0  
0  
0  
0  
0  
0  
0  
0  
0  
0  
0  
0  
0  
0  
0  
0  
0  
0  
0  
0  
0  
0  
0  
0  
0  
0  
0  
0  
0  
0  
0  
0  
0  
0  
0  
0  
0  
0  
0  
0  
0  
0  
0  
0  
0  
0  
0  
0  
0  
2 T 1270275600.209000 R 
0  
0  
0  
0  
0  
0  
0  
0  
0  
0  
0  
0  
0  
0  
0  
0  
0  
0  
0  
0  
0  
0  
0  
0  
0  
0  
0  
0  
0  
0  
0  
0  
0  
0  
0  
0  
0  
0  
0  
0  
0  
0  
0  
0  
0  
0  
0  
0  
0  
0  
0  
0  
0  
0  
0  
0  
0  
0  
0  
0  
0  
0  
0  
0  
0  
0  
0  
0  
0  
0  
0  
0  
0  
0  
0  
0  
0  
0  
0  
0  
0  
0  
0  
0  
0  
0  
0  
0  
0  
0  
0  
0  
0  
0  
0  
0  
0  
0  
0  
2 T 1270275601.808000 R 
0  
0  
0  
0  
0  
0  
0  
0  
0  
0  
0  
0  
0  
0  
0  
0  
0  
0  
0  
0  
0  
0  
0  
0  
0  
